6	10
7	12
10	10
11	11
22	12
23	14
26	13
27	14
31	5
38	14
39	12
42	14
43	15
47	4
54	9
55	10
58	11
59	9
104	1
112	1
115	2
116	1
150	1
151	1
155	1
214	1
225	1
256	11
257	8
258	8
259	7
260	8
261	6
262	5
263	6
264	7
265	5
266	1
267	9
268	7
269	4
270	6
271	7
272	4
273	6
274	4
275	3
276	4
277	4
278	1
279	3
280	4
281	4
282	2
283	5
284	3
285	3
286	4
287	5
288	1
289	5
290	4
291	2
292	3
293	2
294	1
295	4
296	2
297	4
298	1
299	9
300	12
301	6
302	9
303	10
304	8
305	5
306	6
307	8
308	3
309	9
310	5
311	2
312	7
313	5
314	15
315	3
316	7
317	7
318	2
319	9
320	5
321	8
322	8
323	5
324	3
325	3
326	7
327	6
328	3
329	2
330	7
331	4
332	3
333	12
334	3
335	14
336	10
337	1
338	5
339	4
340	5
341	5
342	3
343	3
344	2
345	3
346	2
347	2
348	1
349	2
351	2
352	1
353	3
354	1
355	4
356	1
357	1
358	1
360	11
361	4
362	7
363	5
364	5
365	3
366	5
367	2
368	7
369	5
370	7
371	7
372	4
373	2
374	8
375	6
376	6
377	1
378	5
379	7
380	1
382	1
383	2
384	4
385	7
386	8
387	10
388	1
389	4
390	2
391	1
392	1
393	1
394	3
395	2
396	2
397	3
398	2
399	1
400	3
401	1
402	4
403	2
404	2
406	3
407	2
408	3
410	6
411	3
412	5
413	2
414	6
415	3
416	9
417	2
418	2
419	4
420	5
421	3
422	11
423	7
424	6
425	4
426	4
427	5
428	2
429	4
430	4
431	5
433	10
434	1
435	2
436	3
438	2
439	1
440	2
441	2
442	2
443	1
444	1
445	3
447	1
448	4
450	1
451	2
452	3
453	1
454	5
455	3
456	5
457	1
458	2
459	7
461	4
462	4
463	6
464	5
465	4
466	6
467	7
468	3
469	4
470	1
471	6
472	2
473	4
474	5
475	2
476	4
477	1
478	4
479	3
480	3
481	1
482	1
483	1
484	2
485	1
486	1
488	1
490	4
491	2
493	1
494	8
495	2
496	2
497	4
500	9
501	11
502	1
503	1
504	3
506	3
507	1
508	8
509	2
510	4
511	5
512	4
513	8
514	1
515	1
516	2
517	2
518	2
519	2
520	1
521	1
522	1
523	1
524	2
525	2
527	1
529	2
530	1
531	2
532	8
533	10
534	3
535	4
536	4
537	1
539	5
540	3
541	5
542	1
543	3
544	4
545	2
546	2
547	8
548	1
549	2
550	2
553	1
555	1
556	1
557	1
558	2
559	2
560	1
561	1
562	2
563	2
564	1
566	1
567	1
568	1
570	7
571	5
572	2
573	2
575	8
576	1
577	4
578	7
579	3
580	3
581	2
582	1
583	5
584	3
585	1
586	1
587	8
589	3
591	1
592	1
593	2
594	2
595	1
596	1
597	2
599	1
600	2
603	1
604	2
605	6
606	3
607	4
608	2
609	1
610	5
611	1
612	1
613	1
614	3
615	4
616	3
617	6
618	2
619	1
620	3
621	2
622	1
623	7
624	1
625	2
626	1
628	2
629	2
630	2
631	2
632	1
633	2
634	1
635	1
636	4
637	1
638	6
640	6
641	1
642	2
643	1
644	5
645	4
646	3
647	2
648	6
649	3
651	1
652	1
653	2
654	6
655	3
656	1
658	1
659	2
660	1
661	2
662	1
663	3
665	6
666	4
667	3
668	2
669	2
670	2
671	1
672	2
673	2
674	6
675	3
676	6
679	4
681	1
682	1
683	1
684	2
685	3
686	1
687	1
688	2
689	1
690	1
691	1
692	2
693	1
695	3
696	1
698	5
699	4
700	2
701	3
702	2
704	1
705	2
706	1
707	10
709	1
710	2
711	1
712	2
713	2
714	2
716	3
717	2
718	1
719	3
721	2
722	5
723	2
724	1
725	3
726	5
729	1
730	1
731	4
733	2
734	2
735	1
736	1
737	1
738	3
739	2
740	4
741	1
742	4
743	2
744	7
746	1
747	1
748	4
749	5
750	1
751	4
752	3
753	1
754	3
756	1
758	2
759	3
760	2
762	2
763	2
765	2
766	5
767	2
768	1
770	5
771	1
772	5
773	2
774	3
775	2
776	2
777	1
778	2
780	1
781	1
782	1
783	1
787	9
788	10
789	5
790	3
791	2
792	1
793	4
794	7
795	2
796	4
797	1
798	3
799	1
801	1
803	1
804	1
805	3
807	1
809	1
810	2
811	3
812	2
813	1
815	6
816	3
817	5
818	1
819	3
820	2
822	1
823	4
824	4
826	2
827	2
828	2
829	1
830	1
832	5
833	5
834	3
835	1
836	3
837	2
839	3
840	4
841	3
842	2
845	3
847	4
849	1
850	2
851	3
852	2
853	1
854	1
855	1
857	10
858	7
859	6
860	4
862	3
863	2
864	4
865	3
866	2
868	1
869	1
870	1
871	8
872	1
873	3
875	2
876	2
877	2
879	1
882	6
883	3
884	3
886	2
887	1
888	2
889	4
890	4
891	6
893	1
896	3
898	3
899	1
900	1
902	1
903	11
904	4
905	2
906	3
908	3
909	2
911	1
912	3
913	3
914	2
915	2
916	2
917	1
918	1
919	1
920	2
922	1
923	1
924	1
926	5
927	1
928	3
929	7
930	3
931	2
932	2
933	5
934	3
935	2
936	1
937	1
938	5
940	3
941	1
942	2
943	1
944	1
945	1
946	7
947	3
948	2
949	10
951	4
952	2
953	2
954	4
955	4
956	7
957	5
958	3
959	1
960	1
961	2
962	1
963	2
964	2
965	1
966	1
971	3
972	4
973	2
974	4
975	5
976	2
977	3
978	3
979	2
981	1
982	1
983	1
984	1
986	3
987	3
988	13
990	1
991	2
993	4
996	3
997	1
999	1
1000	2
1001	1
1003	2
1004	1
1006	1
1007	6
1008	5
1012	1
1013	3
1014	3
1015	3
1016	2
1017	1
1018	2
1020	5
1022	1
1023	1
1025	6
1026	1
1027	4
1028	4
1029	2
1030	1
1032	1
1033	7
1034	1
1035	1
1036	2
1037	4
1038	4
1039	1
1040	1
1041	4
1042	2
1043	2
1044	5
1045	1
1046	1
1047	1
1049	3
1050	1
1051	4
1053	2
1054	7
1055	3
1056	4
1057	3
1058	3
1059	4
1060	9
1061	1
1062	1
1063	1
1065	5
1066	2
1068	1
1069	1
1071	2
1072	2
1076	1
1077	2
1079	5
1083	2
1085	1
1086	1
1087	1
1089	2
1091	3
1092	1
1093	1
1094	1
1096	3
1099	3
1100	2
1102	1
1104	3
1105	4
1107	1
1108	2
1109	1
1110	1
1111	6
1112	3
1113	4
1114	1
1115	1
1116	2
1117	1
1118	2
1119	2
1120	2
1121	1
1122	1
1123	5
1124	2
1125	1
1127	3
1128	3
1129	1
1131	1
1133	8
1134	4
1135	3
1136	1
1137	2
1138	1
1140	7
1141	7
1142	1
1143	2
1144	1
1145	2
1147	1
1148	1
1150	2
1151	3
1152	3
1153	3
1154	9
1155	4
1156	1
1157	1
1159	7
1160	7
1162	1
1163	2
1165	1
1166	6
1167	3
1168	2
1169	1
1170	2
1172	5
1173	2
1174	1
1177	2
1178	3
1179	3
1180	2
1181	1
1184	1
1185	1
1186	2
1188	1
1189	1
1190	1
1192	4
1194	2
1195	5
1197	1
1200	2
1202	1
1203	5
1207	3
1208	3
1209	1
1211	2
1212	1
1213	2
1215	2
1216	1
1217	1
1218	1
1219	1
1221	5
1222	8
1223	7
1224	4
1225	6
1226	4
1227	6
1229	1
1230	1
1232	2
1233	1
1236	2
1237	1
1239	1
1240	2
1241	2
1242	2
1243	1
1244	2
1245	2
1246	4
1247	5
1249	2
1250	1
1252	3
1254	3
1255	2
1256	4
1257	3
1258	3
1260	1
1263	2
1267	6
1268	5
1271	4
1272	1
1273	3
1274	3
1275	6
1277	1
1278	2
1279	4
1280	1
1281	1
1282	1
1283	1
1285	1
1287	2
1288	2
1289	2
1290	2
1291	1
1292	1
1296	5
1297	2
1299	5
1300	4
1301	8
1304	3
1305	7
1307	1
1310	1
1313	2
1314	5
1315	3
1317	2
1320	2
1323	3
1324	4
1326	6
1327	1
1328	10
1329	5
1330	3
1331	1
1332	1
1333	1
1335	1
1336	8
1337	2
1339	1
1342	1
1343	3
1344	4
1345	3
1346	3
1347	4
1348	2
1349	1
1353	1
1354	2
1355	2
1356	6
1358	5
1359	1
1360	3
1361	2
1362	2
1363	8
1365	1
1367	2
1368	1
1370	3
1371	6
1372	1
1373	7
1374	5
1375	2
1376	6
1377	3
1379	1
1382	1
1383	3
1384	1
1386	1
1387	2
1389	3
1390	1
1391	3
1392	5
1393	1
1394	1
1396	2
1397	6
1398	5
1399	6
1400	2
1401	1
1402	1
1404	3
1405	9
1406	4
1409	4
1410	1
1411	3
1412	3
1413	4
1414	4
1415	2
1416	1
1418	6
1419	1
1420	1
1421	2
1422	2
1426	2
1428	2
1429	5
1430	4
1431	3
1432	1
1433	1
1435	6
1437	2
1438	6
1439	6
1440	6
1441	5
1442	3
1443	1
1444	3
1446	3
1447	1
1448	1
1450	2
1453	2
1455	1
1458	8
1459	4
1461	1
1463	4
1464	1
1465	2
1466	1
1467	6
1468	2
1470	2
1471	2
1472	3
1474	1
1475	1
1476	1
1477	7
1478	4
1479	2
1480	2
1482	5
1483	2
1484	3
1485	3
1486	9
1487	4
1488	2
1489	1
1490	1
1491	2
1492	8
1493	1
1494	2
1496	3
1498	6
1499	1
1500	3
1501	4
1503	2
1504	2
1506	2
1508	1
1510	3
1511	4
1512	5
1513	5
1514	1
1515	1
1516	2
1517	1
1519	7
1520	1
1521	2
1522	4
1523	4
1524	5
1525	3
1526	2
1527	1
1528	6
1529	5
1530	3
1532	1
1533	2
1534	7
1535	1
1536	2
1537	1
1538	2
1540	1
1541	2
1542	2
1545	3
1547	1
1550	1
1551	5
1552	4
1553	3
1554	3
1556	1
1558	2
1559	3
1560	2
1561	3
1563	2
1564	2
1565	5
1566	2
1567	2
1568	2
1569	4
1570	3
1571	6
1572	9
1573	1
1575	3
1576	1
1577	6
1578	1
1579	3
1580	3
1581	2
1585	2
1586	6
1589	3
1590	5
1591	2
1592	4
1593	2
1594	2
1595	2
1596	2
1597	1
1599	1
1600	2
1602	1
1603	3
1604	2
1605	2
1606	3
1607	3
1608	4
1609	3
1611	3
1613	2
1614	2
1616	1
1617	5
1618	2
1619	1
1620	1
1621	1
1623	2
1624	2
1625	3
1626	2
1627	1
1628	3
1629	2
1630	2
1631	4
1632	3
1633	3
1634	4
1635	1
1636	3
1637	2
1640	2
1641	1
1642	3
1644	8
1645	2
1646	3
1647	2
1648	2
1649	3
1650	2
1651	5
1652	4
1653	3
1654	2
1656	2
1657	4
1658	6
1659	4
1661	2
1662	5
1663	2
1664	1
1665	1
1667	1
1668	1
1669	1
1671	4
1673	3
1674	7
1675	2
1676	4
1677	5
1678	3
1679	5
1680	1
1685	7
1686	2
1687	1
1688	1
1689	1
1690	1
1691	3
1692	1
1693	2
1694	3
1695	3
1697	6
1699	6
1700	2
1703	4
1704	2
1705	5
1706	1
1710	2
1712	1
1713	1
1716	5
1718	6
1719	2
1720	5
1721	5
1722	1
1724	3
1725	5
1726	4
1727	3
1729	2
1730	2
1731	5
1732	4
1733	1
1734	2
1735	1
1736	2
1737	1
1738	2
1739	2
1740	5
1741	1
1742	2
1743	2
1744	4
1745	3
1746	6
1747	2
1748	1
1751	1
1752	2
1757	1
1758	1
1759	3
1760	5
1761	4
1762	1
1763	2
1764	6
1765	3
1766	2
1767	6
1768	2
1770	5
1771	4
1772	3
1775	6
1776	4
1777	2
1778	2
1779	4
1780	2
1781	2
1782	5
1784	1
1785	1
1786	5
1787	5
1788	4
1789	5
1790	2
1791	2
1792	3
1793	2
1794	6
1795	3
1796	2
1797	4
1798	4
1800	1
1802	3
1803	2
1804	2
1805	1
1806	5
1807	1
1808	5
1811	3
1812	3
1813	1
1814	1
1816	2
1817	2
1820	1
1821	1
1822	1
1823	3
1824	1
1825	1
1827	2
1829	2
1830	1
1832	3
1833	2
1834	2
1835	3
1836	4
1837	2
1838	5
1840	2
1841	2
1842	2
1843	2
1846	5
1848	1
1850	2
1851	1
1852	2
1853	1
1854	2
1855	1
1856	1
1857	4
1858	3
1859	2
1862	2
1863	1
1868	1
1869	2
1870	2
1871	5
1872	1
1873	1
1874	1
1875	3
1876	6
1877	2
1878	3
1879	1
1880	3
1881	1
1883	3
1884	6
1885	3
1886	5
1887	3
1888	4
1889	2
1890	1
1891	3
1892	3
1895	3
1896	2
1897	2
1898	2
1899	4
1902	2
1903	1
1904	2
1905	4
1906	2
1910	1
1911	1
1913	2
1914	1
1916	1
1918	1
1919	1
1920	2
1921	2
1922	2
1923	3
1924	1
1927	1
1928	2
1929	1
1930	2
1932	2
1933	5
1934	1
1935	2
1936	2
1937	3
1938	3
1939	3
1940	5
1941	3
1942	3
1944	2
1945	5
1947	1
1948	2
1949	1
1952	1
1954	2
1955	2
1957	1
1958	3
1959	1
1960	2
1963	1
1964	2
1965	1
1966	4
1969	2
1970	2
1971	1
1974	1
1975	1
1976	1
1978	1
1979	2
1980	1
1981	3
1982	1
1983	3
1984	3
1985	4
1986	2
1987	5
1988	4
1989	3
1990	3
1991	5
1992	3
1993	1
1995	2
1996	1
2000	2
2001	1
2002	5
2003	1
2004	1
2005	5
2006	2
2007	1
2009	1
2010	4
2016	3
2017	4
2018	1
2019	2
2021	1
2023	1
2025	1
2027	2
2028	3
2030	4
2031	2
2032	1
2035	2
2037	2
2038	2
2039	2
2040	3
2041	1
2042	1
2043	4
2044	5
2045	3
2046	2
2047	1
2049	2
2051	4
2052	1
2053	2
2055	3
2056	3
2057	2
2058	4
2060	2
2061	1
2062	1
2065	3
2067	1
2068	1
2069	7
2072	2
2076	1
2078	2
2079	4
2080	4
2083	1
2084	2
2085	7
2086	4
2087	2
2088	3
2090	2
2091	6
2092	3
2093	1
2094	4
2095	4
2096	5
2097	6
2098	3
2099	2
2101	4
2102	3
2103	2
2104	3
2105	4
2107	2
2108	3
2110	1
2111	3
2112	5
2113	2
2114	3
2115	1
2116	4
2117	4
2118	1
2120	1
2122	1
2123	3
2125	4
2127	1
2128	1
2130	1
2131	1
2132	2
2133	2
2135	1
2136	1
2138	1
2139	2
2140	4
2141	1
2142	4
2143	3
2147	2
2148	2
2149	1
2150	4
2151	5
2152	2
2153	1
2154	4
2155	2
2156	2
2158	4
2159	2
2160	2
2162	4
2163	2
2166	3
2167	2
2168	1
2169	3
2170	4
2172	1
2173	1
2175	3
2176	2
2179	4
2180	1
2181	1
2182	3
2185	1
2187	1
2190	1
2193	4
2194	2
2195	6
2196	2
2197	5
2198	1
2199	6
2200	3
2201	3
2202	2
2203	4
2205	3
2206	2
2208	7
2209	6
2210	2
2211	4
2212	1
2213	2
2214	4
2215	2
2216	2
2217	2
2218	2
2219	1
2222	1
2223	4
2224	3
2225	2
2226	2
2227	2
2231	1
2233	2
2235	2
2236	4
2237	4
2239	1
2240	2
2241	2
2242	2
2243	1
2244	1
2245	1
2247	1
2249	2
2250	2
2251	2
2254	3
2255	3
2256	2
2257	4
2259	1
2261	4
2262	6
2263	3
2264	3
2265	3
2266	3
2268	3
2269	3
2270	2
2271	3
2272	4
2274	1
2275	2
2276	1
2278	2
2279	2
2281	1
2283	1
2284	1
2286	1
2287	2
2288	1
2290	6
2291	1
2294	2
2295	2
2297	2
2298	1
2299	1
2300	3
2301	3
2302	6
2303	3
2306	5
2307	2
2309	1
2310	3
2311	1
2312	1
2313	2
2314	3
2315	1
2316	2
2318	2
2319	2
2320	3
2321	3
2322	4
2323	2
2325	5
2326	1
2327	2
2330	4
2332	1
2333	1
2334	1
2335	2
2337	1
2338	4
2340	5
2342	1
2343	3
2344	1
2346	1
2347	1
2350	4
2351	1
2352	1
2353	1
2354	4
2355	1
2356	1
2358	1
2359	1
2360	2
2361	5
2362	2
2363	2
2364	6
2365	1
2366	3
2367	2
2368	5
2369	3
2370	3
2371	3
2372	2
2373	4
2374	2
2375	2
2376	2
2377	4
2378	4
2379	4
2380	4
2381	2
2383	1
2384	1
2385	1
2386	4
2387	2
2388	2
2390	1
2391	4
2392	5
2393	1
2396	1
2398	1
2399	1
2400	1
2401	1
2402	1
2403	1
2408	1
2409	1
2410	3
2412	3
2413	3
2414	1
2415	1
2416	2
2417	3
2418	1
2419	1
2420	2
2421	2
2422	3
2423	3
2424	1
2425	3
2426	1
2427	5
2428	1
2429	1
2430	3
2431	2
2432	2
2433	1
2434	2
2435	4
2436	2
2437	1
2438	4
2439	1
2440	3
2441	2
2443	3
2444	3
2445	1
2446	2
2447	2
2448	1
2450	1
2451	1
2452	4
2453	1
2454	2
2456	3
2457	1
2458	5
2462	4
2463	1
2464	1
2467	3
2468	1
2469	4
2470	6
2471	2
2472	1
2473	2
2474	1
2475	2
2476	3
2477	3
2478	1
2479	2
2481	1
2482	2
2483	1
2485	3
2486	4
2487	2
2488	3
2489	4
2490	1
2491	2
2492	3
2495	2
2496	2
2498	1
2500	1
2502	1
2504	1
2507	1
2508	4
2509	1
2510	1
2513	1
2514	1
2515	1
2516	1
2518	2
2519	1
2520	1
2523	1
2524	3
2525	1
2526	1
2527	3
2529	3
2530	4
2531	3
2532	2
2533	1
2535	2
2536	2
2537	1
2539	3
2542	2
2543	5
2544	1
2545	1
2548	1
2551	2
2553	2
2556	1
2557	1
2560	3
2561	1
2562	3
2566	1
2567	2
2568	2
2569	2
2570	6
2571	2
2572	5
2574	7
2577	1
2578	3
2579	5
2580	2
2582	3
2583	3
2585	2
2586	1
2589	3
2590	2
2591	1
2592	1
2593	1
2594	3
2595	3
2596	1
2597	3
2598	1
2600	3
2602	2
2603	3
2604	2
2606	1
2608	2
2611	4
2614	1
2615	3
2618	2
2619	2
2620	2
2621	2
2622	1
2624	1
2629	3
2632	3
2633	4
2634	1
2635	2
2636	1
2638	3
2640	1
2641	2
2642	2
2643	2
2644	5
2646	1
2647	2
2649	2
2650	2
2651	2
2652	1
2655	3
2656	3
2657	1
2659	1
2662	2
2663	2
2664	2
2665	3
2666	1
2670	2
2671	3
2672	1
2673	3
2674	2
2680	2
2681	1
2683	2
2684	2
2685	2
2688	3
2689	1
2690	3
2691	3
2692	5
2693	2
2697	1
2698	3
2699	2
2700	2
2701	1
2703	1
2704	1
2705	2
2707	1
2708	1
2710	1
2715	1
2717	1
2718	1
2719	1
2721	3
2722	1
2724	1
2725	3
2726	3
2727	1
2728	3
2729	2
2730	1
2732	1
2733	1
2735	3
2736	4
2737	4
2739	2
2740	1
2742	1
2744	1
2745	4
2746	3
2747	5
2748	3
2751	1
2752	1
2754	1
2755	3
2756	1
2758	2
2760	1
2762	1
2764	2
2765	2
2766	4
2768	2
2771	1
2775	2
2778	2
2779	4
2780	4
2781	3
2782	1
2783	1
2785	1
2786	2
2787	1
2788	1
2789	2
2791	1
2792	1
2793	2
2796	1
2797	2
2798	3
2799	4
2800	1
2801	1
2802	1
2803	1
2805	2
2806	1
2807	2
2808	2
2810	3
2811	1
2812	2
2814	1
2817	1
2819	3
2821	1
2823	3
2825	2
2826	1
2827	1
2830	2
2831	3
2832	4
2833	2
2834	2
2835	2
2840	1
2841	1
2842	1
2846	1
2848	2
2850	2
2851	1
2853	2
2855	1
2856	1
2857	3
2858	1
2859	1
2860	2
2861	1
2862	3
2863	2
2864	1
2865	2
2866	1
2867	1
2868	2
2872	1
2873	4
2874	1
2875	1
2877	4
2878	1
2879	1
2881	1
2884	2
2885	2
2886	2
2887	2
2888	3
2891	1
2892	1
2893	3
2894	3
2895	2
2899	2
2900	1
2901	1
2902	1
2903	2
2904	2
2905	1
2907	1
2908	2
2910	1
2911	2
2912	2
2915	4
2917	3
2920	2
2922	2
2923	3
2924	2
2925	2
2932	2
2934	1
2937	2
2942	3
2943	3
2944	2
2945	2
2948	1
2949	2
2950	4
2951	2
2953	2
2954	2
2956	3
2957	4
2958	1
2960	1
2962	1
2963	2
2964	1
2965	2
2966	2
2967	2
2968	2
2969	3
2975	1
2976	2
2981	1
2983	1
2984	1
2989	2
2990	2
2991	2
2992	1
2996	1
2999	1
3001	2
3002	1
3003	5
3004	1
3005	3
3006	1
3007	3
3009	1
3010	2
3011	1
3012	1
3013	2
3014	3
3015	1
3016	3
3017	1
3018	2
3019	2
3022	1
3028	3
3029	1
3031	2
3033	2
3037	4
3038	1
3039	1
3040	1
3041	3
3042	2
3043	2
3045	1
3046	2
3047	2
3048	3
3049	3
3050	2
3051	4
3053	2
3054	2
3055	2
3056	1
3057	3
3058	3
3060	1
3061	1
3062	1
3063	1
3064	2
3065	4
3066	2
3068	3
3070	1
3073	1
3074	1
3075	1
3077	1
3078	2
3080	2
3082	1
3085	3
3087	4
3088	2
3090	2
3092	3
3093	2
3096	2
3100	1
3101	3
3102	5
3103	1
3104	2
3105	2
3106	2
3107	1
3108	4
3109	1
3110	2
3113	1
3114	2
3115	1
3116	1
3119	2
3120	1
3122	2
3124	1
3125	2
3128	2
3129	1
3130	1
3132	1
3134	2
3135	1
3137	1
3141	2
3142	4
3143	3
3145	5
3149	1
3151	3
3152	1
3153	3
3155	1
3156	1
3158	1
3159	1
3160	2
3163	1
3165	2
3166	1
3167	2
3168	6
3170	1
3174	2
3178	1
3179	1
3182	1
3183	1
3185	1
3186	1
3189	1
3190	2
3191	2
3192	2
3196	2
3199	1
3200	1
3203	1
3204	1
3206	1
3207	2
3208	2
3212	1
3213	2
3215	2
3216	1
3217	1
3218	3
3219	2
3221	1
3222	2
3223	1
3224	1
3225	1
3228	1
3231	2
3234	2
3237	1
3238	1
3239	1
3242	1
3243	2
3245	2
3246	1
3248	1
3252	3
3253	3
3255	1
3256	1
3257	1
3258	1
3259	1
3260	2
3261	3
3262	1
3263	2
3264	1
3265	4
3266	2
3268	2
3269	1
3270	1
3272	1
3273	1
3274	1
3276	2
3277	1
3278	1
3279	1
3280	2
3281	2
3285	2
3287	1
3296	1
3299	2
3301	1
3302	5
3304	2
3308	1
3309	1
3310	2
3312	1
3313	2
3314	2
3318	2
3320	1
3322	2
3323	1
3325	1
3327	2
3328	1
3330	5
3331	3
3332	1
3333	1
3335	2
3337	1
3338	1
3339	1
3342	1
3343	1
3345	1
3346	2
3349	3
3350	1
3351	1
3352	2
3353	6
3354	1
3355	1
3357	3
3358	2
3359	3
3360	3
3361	1
3366	2
3367	3
3368	2
3374	2
3375	3
3376	2
3378	2
3380	2
3382	2
3383	2
3384	1
3385	2
3386	3
3387	1
3390	2
3391	2
3395	1
3397	1
3399	1
3400	1
3401	2
3402	5
3403	2
3405	1
3406	1
3407	2
3408	1
3409	2
3413	2
3414	2
3415	1
3418	2
3419	2
3423	1
3424	4
3426	2
3429	2
3430	1
3432	2
3433	2
3434	2
3436	2
3437	3
3438	2
3439	3
3440	2
3441	2
3442	1
3447	1
3448	1
3449	2
3451	1
3456	3
3457	2
3458	2
3459	2
3460	1
3461	1
3463	1
3464	1
3468	2
3469	3
3470	2
3471	1
3472	1
3473	1
3474	3
3475	1
3479	2
3480	1
3481	1
3482	1
3483	2
3484	1
3486	2
3487	4
3488	1
3489	2
3491	2
3492	4
3493	1
3494	3
3495	1
3496	1
3497	1
3498	3
3499	2
3502	2
3504	1
3505	1
3507	1
3508	2
3510	1
3511	2
3513	2
3514	2
3517	1
3520	1
3522	1
3526	3
3527	2
3528	2
3529	1
3532	1
3533	3
3536	3
3537	1
3539	1
3541	2
3542	2
3543	2
3544	1
3546	2
3547	3
3548	3
3549	2
3550	3
3551	1
3552	1
3554	2
3555	2
3556	1
3558	3
3559	2
3560	1
3561	1
3562	3
3563	1
3566	1
3567	2
3570	2
3577	2
3578	1
3579	4
3580	1
3584	4
3585	1
3586	1
3587	3
3588	1
3590	2
3591	1
3592	4
3593	4
3594	1
3595	2
3596	3
3597	3
3598	3
3599	1
3600	2
3601	2
3602	1
3603	2
3604	3
3605	1
3606	2
3608	3
3609	2
3610	2
3617	2
3618	1
3621	1
3622	1
3624	3
3625	2
3627	3
3632	1
3634	1
3635	1
3637	1
3638	1
3639	5
3640	2
3643	3
3644	5
3645	2
3646	2
3647	1
3648	2
3649	5
3650	1
3651	3
3652	2
3653	1
3655	2
3656	1
3658	1
3659	2
3666	2
3669	1
3671	1
3672	1
3673	3
3674	4
3675	1
3676	1
3678	2
3682	1
3684	2
3687	2
3688	3
3689	2
3690	2
3691	2
3692	2
3693	6
3694	1
3695	2
3696	1
3697	3
3700	1
3701	2
3702	2
3703	2
3704	2
3709	2
3710	1
3711	1
3712	2
3714	2
3715	1
3716	3
3717	5
3718	2
3719	3
3721	3
3722	3
3723	2
3725	1
3726	2
3730	4
3734	1
3735	2
3736	1
3737	1
3738	1
3740	3
3741	1
3742	2
3743	2
3744	4
3745	1
3746	3
3747	2
3748	1
3749	1
3750	2
3751	3
3752	2
3753	3
3754	2
3755	1
3756	1
3757	2
3759	2
3760	2
3761	4
3762	1
3767	2
3768	3
3774	2
3775	1
3778	2
3779	2
3781	2
3782	3
3783	2
3785	1
3787	1
3788	1
3789	2
3790	1
3792	1
3793	1
3794	1
3795	1
3796	1
3797	1
3798	4
3799	1
3801	1
3802	3
3803	2
3806	2
3807	1
3809	1
3810	4
3811	1
3812	2
3813	1
3816	2
3817	2
3818	4
3820	1
3822	2
3823	1
3826	1
3827	1
3831	1
3832	2
3834	1
3835	2
3837	2
3838	1
3839	1
3840	2
3845	4
3849	4
3850	1
3852	2
3856	1
3857	2
3858	2
3860	3
3861	4
3862	2
3863	4
3864	1
3865	1
3866	3
3867	2
3871	1
3872	1
3873	4
3874	1
3875	1
3876	2
3877	1
3878	2
3879	2
3882	1
3887	1
3888	1
3891	2
3892	3
3894	1
3895	1
3899	1
3902	2
3903	2
3905	2
3906	1
3911	1
3913	1
3914	2
3915	1
3916	1
3917	4
3918	2
3919	3
3920	1
3924	1
3927	4
3928	2
3929	2
3930	1
3931	1
3932	4
3933	2
3934	1
3935	2
3936	1
3937	1
3944	2
3945	2
3947	2
3950	1
3951	1
3954	1
3958	1
3960	1
3961	1
3962	3
3964	1
3965	1
3966	2
3971	2
3973	2
3974	2
3975	2
3976	3
3977	2
3978	1
3979	2
3980	3
3981	1
3982	2
3983	1
3985	4
3987	2
3988	1
3989	3
3991	3
3992	2
3993	2
3994	2
3995	1
3996	3
3998	2
4000	1
4001	1
4004	1
4005	1
4006	1
4009	1
4010	3
4012	1
4013	1
4017	1
4020	2
4023	1
4025	1
4027	1
4029	2
4030	2
4031	2
4032	2
4033	3
4034	4
4035	2
4036	2
4037	1
4040	4
4043	2
4044	1
4045	4
4046	1
4047	1
4048	2
4049	1
4050	1
4051	1
4052	2
4053	3
4054	1
4055	2
4056	3
4057	1
4058	1
4059	4
4061	1
4062	1
4064	1
4066	3
4067	3
4069	2
4070	1
4073	1
4074	3
4075	2
4078	2
4080	1
4083	2
4084	1
4086	1
4088	2
4089	2
4091	4
4092	3
4093	3
4094	1
4095	1
4096	1
4097	2
4098	1
4099	1
4100	1
4103	1
4104	2
4105	1
4106	4
4107	2
4108	2
4110	1
4111	1
4114	3
4115	1
4118	1
4120	1
4121	2
4123	1
4124	1
4125	5
4127	1
4129	1
4130	1
4132	1
4133	1
4134	2
4136	1
4137	1
4138	1
4140	1
4142	1
4143	1
4145	1
4147	2
4148	2
4149	3
4150	2
4151	1
4154	1
4155	1
4156	1
4159	1
4160	2
4161	2
4162	2
4164	2
4168	1
4172	1
4173	1
4174	1
4176	2
4177	4
4178	1
4180	2
4181	1
4183	1
4185	1
4187	1
4188	2
4189	1
4193	1
4194	2
4195	1
4196	1
4197	1
4198	3
4199	1
4200	4
4201	2
4202	1
4203	2
4204	1
4205	3
4207	2
4208	3
4209	2
4210	1
4211	2
4213	1
4215	2
4216	2
4217	2
4219	1
4221	1
4223	1
4224	1
4225	1
4228	4
4230	1
4231	1
4232	1
4233	1
4234	1
4237	1
4240	2
4243	2
4245	2
4246	1
4247	1
4248	1
4249	1
4250	2
4251	1
4252	1
4253	2
4254	3
4255	2
4256	2
4259	4
4260	1
4261	1
4262	3
4263	1
4264	2
4267	1
4269	1
4270	1
4272	2
4273	2
4274	1
4277	1
4281	1
4284	1
4285	1
4286	1
4287	1
4289	1
4291	2
4292	1
4293	1
4294	2
4295	2
4299	2
4302	1
4303	2
4304	3
4305	2
4306	1
4307	2
4310	2
4311	2
4312	1
4313	1
4314	1
4315	1
4317	1
4319	1
4323	3
4324	2
4327	1
4328	1
4333	2
4334	5
4337	2
4338	1
4342	2
4343	1
4345	1
4350	2
4352	1
4353	2
4354	3
4355	2
4356	1
4357	3
4358	1
4359	1
4366	1
4367	1
4368	2
4369	3
4370	3
4372	2
4373	1
4375	2
4376	1
4377	1
4378	1
4382	3
4386	1
4387	3
4388	2
4389	3
4390	1
4391	3
4392	1
4393	1
4395	2
4396	1
4397	2
4398	1
4399	1
4400	1
4401	2
4402	1
4404	1
4407	2
4408	2
4409	2
4411	1
4413	1
4414	3
4415	1
4416	2
4419	1
4422	1
4425	1
4427	3
4432	4
4434	1
4435	2
4436	2
4437	2
4438	1
4440	3
4441	1
4442	3
4446	1
4447	1
4448	1
4449	3
4451	2
4452	1
4453	2
4457	1
4461	1
4462	2
4463	2
4464	2
4465	2
4467	2
4468	3
4469	2
4470	1
4472	2
4477	1
4478	1
4479	2
4480	2
4481	1
4484	2
4485	1
4490	1
4491	1
4494	1
4498	1
4499	1
4501	1
4502	1
4503	2
4504	2
4505	1
4507	1
4509	1
4510	1
4511	2
4513	1
4515	3
4516	2
4518	1
4520	2
4521	1
4523	1
4524	2
4525	4
4526	2
4527	4
4528	1
4529	1
4530	1
4531	2
4534	1
4535	1
4539	2
4541	1
4542	1
4545	1
4547	2
4548	1
4551	1
4552	2
4553	1
4555	2
4558	2
4559	1
4561	1
4562	1
4564	1
4568	1
4572	3
4573	3
4574	1
4575	2
4576	1
4577	1
4578	1
4579	1
4580	2
4581	2
4582	1
4587	1
4588	1
4590	1
4593	1
4594	1
4596	1
4602	1
4605	2
4606	1
4607	1
4608	1
4609	1
4610	2
4611	1
4614	1
4616	1
4617	1
4618	4
4619	2
4620	1
4622	1
4624	2
4625	1
4626	1
4627	1
4629	3
4630	1
4631	2
4638	2
4640	2
4641	2
4643	2
4646	2
4651	1
4652	1
4654	2
4655	1
4657	1
4659	1
4660	1
4661	1
4662	1
4664	1
4668	2
4669	1
4671	2
4673	1
4674	1
4675	3
4677	1
4678	2
4679	2
4680	4
4681	1
4683	1
4684	1
4686	1
4689	1
4690	1
4691	1
4694	3
4695	2
4696	2
4700	1
4702	1
4705	3
4706	3
4709	2
4710	2
4711	2
4715	2
4719	1
4720	1
4721	1
4726	1
4727	2
4728	1
4730	2
4731	4
4732	2
4733	2
4734	1
4735	2
4740	1
4742	2
4750	2
4751	2
4754	1
4756	2
4757	1
4758	3
4760	1
4761	1
4762	1
4763	2
4766	2
4767	5
4771	1
4774	1
4777	4
4778	4
4779	1
4780	3
4782	1
4784	1
4789	1
4796	1
4798	2
4799	2
4800	1
4801	2
4803	1
4805	2
4806	1
4807	2
4808	1
4810	1
4811	1
4812	3
4813	2
4814	2
4815	1
4819	1
4820	2
4821	1
4822	1
4824	1
4825	1
4826	2
4827	3
4829	2
4830	1
4831	2
4839	1
4840	1
4848	1
4850	2
4851	1
4855	3
4857	3
4860	1
4862	1
4863	1
4864	2
4865	1
4866	2
4870	1
4871	1
4872	2
4873	1
4874	2
4875	2
4876	2
4877	4
4878	2
4880	1
4892	2
4894	1
4896	1
4899	1
4903	2
4909	1
4910	2
4911	1
4912	1
4914	4
4915	1
4916	1
4917	1
4918	2
4919	1
4921	1
4922	2
4923	4
4924	2
4925	3
4933	1
4935	1
4936	1
4939	2
4943	1
4945	1
4947	1
4948	2
4950	1
4953	1
4959	2
4960	2
4963	2
4964	4
4966	2
4967	1
4968	1
4974	1
4976	2
4977	2
4980	1
4984	2
4985	1
4986	1
4987	1
4989	1
4990	4
4991	1
4995	1
4996	1
5000	1
5001	2
5003	1
5004	2
5006	1
5007	4
5008	1
5009	1
5010	1
5012	2
5013	3
5016	1
5018	1
5019	2
5020	1
5025	2
5030	1
5032	3
5035	1
5036	3
5037	1
5039	3
5040	1
5042	1
5046	1
5048	1
5051	1
5052	4
5053	2
5054	2
5055	2
5056	1
5060	1
5061	1
5064	1
5065	2
5068	1
5069	1
5072	1
5073	1
5074	1
5075	1
5076	4
5078	4
5079	1
5080	2
5083	4
5088	1
5089	1
5093	2
5096	2
5099	1
5100	2
5101	1
5102	1
5103	2
5108	2
5109	2
5112	3
5114	1
5115	2
5116	1
5117	2
5121	1
5124	2
5126	2
5127	2
5128	2
5130	1
5135	1
5137	1
5140	1
5141	2
5142	1
5143	1
5144	2
5145	1
5146	4
5149	3
5151	1
5152	1
5153	2
5154	1
5155	3
5157	1
5166	1
5167	1
5169	2
5170	3
5172	2
5173	1
5175	1
5176	2
5178	1
5179	1
5181	1
5184	1
5185	2
5186	2
5187	1
5188	3
5189	1
5190	1
5191	3
5192	1
5193	2
5196	1
5205	1
5208	1
5213	2
5214	1
5215	1
5217	2
5219	3
5221	1
5222	2
5223	3
5230	1
5231	1
5232	1
5233	2
5234	1
5235	1
5237	1
5239	1
5241	1
5243	1
5244	2
5245	1
5248	1
5250	1
5254	1
5256	1
5258	1
5259	1
5260	4
5261	1
5262	1
5264	1
5266	1
5267	3
5268	3
5270	1
5279	1
5280	1
5281	2
5282	1
5283	2
5284	2
5285	2
5286	1
5287	1
5288	2
5289	1
5291	2
5292	1
5294	2
5297	1
5299	1
5301	2
5305	1
5307	1
5309	1
5311	1
5312	3
5315	1
5316	1
5320	1
5323	1
5327	1
5328	1
5329	2
5330	2
5331	3
5332	2
5334	2
5336	1
5337	1
5338	2
5339	3
5341	1
5342	1
5343	1
5351	3
5352	1
5353	1
5355	1
5356	1
5357	1
5359	1
5360	1
5361	1
5364	1
5365	1
5367	1
5374	1
5375	1
5376	2
5377	1
5378	3
5379	1
5381	4
5382	2
5383	1
5384	2
5385	1
5386	1
5387	1
5391	1
5393	1
5394	1
5396	1
5397	1
5398	1
5400	1
5402	1
5403	1
5405	1
5406	2
5409	1
5413	2
5414	1
5418	1
5420	1
5421	2
5422	2
5423	1
5424	2
5425	3
5426	2
5429	2
5430	1
5432	2
5434	1
5435	1
5443	1
5445	1
5447	1
5452	1
5454	2
5463	1
5464	1
5465	2
5466	1
5467	2
5469	4
5470	2
5472	1
5474	2
5475	1
5477	1
5480	1
5481	1
5484	2
5485	1
5489	1
5490	1
5492	1
5493	1
5499	1
5500	1
5502	1
5503	1
5505	1
5506	4
5507	2
5508	1
5510	3
5511	3
5513	1
5515	4
5516	2
5518	2
5519	2
5521	1
5522	1
5523	2
5524	1
5525	1
5526	1
5527	2
5531	1
5532	2
5538	1
5539	2
5540	3
5543	2
5544	1
5545	2
5546	1
5547	1
5548	1
5553	2
5554	2
5555	1
5558	1
5559	1
5562	2
5564	3
5565	1
5566	1
5568	1
5569	1
5582	3
5583	1
5584	1
5585	1
5586	1
5587	1
5589	1
5591	1
5592	1
5593	1
5595	2
5598	1
5599	2
5601	1
5605	2
5606	2
5608	1
5611	2
5612	1
5613	1
5615	1
5616	2
5617	1
5618	1
5620	2
5621	1
5623	1
5625	2
5626	5
5628	1
5629	4
5631	3
5632	1
5633	2
5639	1
5642	3
5645	1
5647	1
5649	1
5651	1
5658	1
5659	2
5660	2
5661	1
5664	1
5665	1
5666	1
5668	4
5669	1
5670	3
5671	1
5672	2
5673	1
5674	2
5675	4
5677	2
5678	1
5679	1
5680	2
5682	1
5683	1
5684	2
5685	2
5686	1
5687	2
5688	1
5690	1
5692	2
5693	2
5694	2
5695	1
5696	2
5699	1
5702	3
5705	3
5707	2
5709	2
5710	1
5711	1
5712	1
5713	3
5716	2
5718	1
5719	1
5724	1
5728	1
5732	1
5736	1
5737	4
5740	1
5741	1
5742	2
5743	2
5744	1
5745	1
5748	1
5750	1
5751	1
5754	1
5757	1
5758	1
5759	2
5760	1
5761	1
5763	1
5766	3
5773	1
5774	1
5775	1
5777	1
5778	1
5779	3
5780	1
5781	1
5782	1
5783	1
5784	1
5787	2
5788	1
5789	1
5797	1
5798	2
5799	2
5801	1
5802	2
5805	1
5808	2
5809	1
5812	1
5814	2
5816	2
5817	4
5818	4
5819	1
5820	1
5821	2
5823	1
5826	1
5827	1
5829	1
5830	1
5832	1
5834	2
5835	1
5836	1
5837	1
5838	1
5839	1
5841	2
5842	1
5843	1
5844	1
5848	1
5849	1
5851	1
5853	1
5854	1
5855	1
5859	2
5860	1
5861	2
5862	1
5863	3
5864	1
5865	2
5866	2
5867	2
5868	3
5869	1
5871	1
5872	1
5877	1
5878	2
5879	2
5880	1
5881	1
5883	2
5888	2
5889	3
5890	1
5891	1
5893	2
5894	2
5895	1
5897	2
5900	1
5901	1
5902	1
5903	1
5905	2
5906	2
5907	2
5908	1
5915	1
5917	1
5918	2
5921	1
5924	1
5926	1
5933	3
5934	1
5935	2
5936	1
5937	2
5938	2
5942	1
5946	1
5947	1
5948	1
5949	2
5950	2
5953	2
5954	1
5956	2
5958	1
5959	1
5961	3
5964	2
5965	1
5966	1
5967	1
5969	3
5971	1
5974	1
5975	2
5977	2
5979	2
5981	1
5982	1
5984	2
5987	3
5988	1
5989	1
5993	1
5995	1
6000	1
6003	1
6005	1
6006	2
6007	2
6009	1
6011	2
6013	1
6014	1
6015	1
6019	1
6020	1
6022	1
6025	3
6026	4
6027	1
6028	1
6029	2
6030	1
6033	1
6036	1
6037	1
6040	2
6042	1
6043	3
6044	2
6045	1
6048	1
6050	4
6051	1
6052	1
6054	1
6056	1
6058	1
6059	1
6060	2
6064	2
6065	1
6066	1
6068	2
6069	3
6070	1
6071	2
6072	1
6074	2
6075	1
6076	2
6079	1
6087	3
6089	1
6090	1
6092	1
6093	1
6097	1
6098	1
6099	1
6100	1
6101	1
6103	1
6107	1
6108	1
6111	1
6112	1
6113	3
6114	2
6115	1
6116	1
6117	2
6120	2
6125	1
6126	2
6128	2
6131	2
6132	3
6133	1
6134	2
6135	1
6136	1
6139	1
6140	2
6144	1
6146	1
6150	2
6151	4
6152	2
6153	2
6155	1
6156	4
6157	2
6159	1
6160	1
6161	1
6162	2
6163	1
6164	1
6166	1
6167	1
6169	1
6170	1
6172	4
6173	1
6181	1
6182	1
6183	1
6184	1
6187	1
6193	1
6195	1
6197	1
6198	1
6201	2
6202	1
6203	1
6204	2
6206	4
6208	2
6209	1
6210	2
6211	1
6214	1
6216	1
6218	2
6219	1
6221	2
6222	1
6223	1
6226	1
6229	2
6230	2
6234	1
6235	1
6236	1
6237	2
6239	3
6240	1
6241	1
6242	2
6244	1
6249	1
6251	1
6252	1
6253	1
6255	1
6256	3
6257	2
6259	3
6260	1
6262	3
6263	1
6267	1
6268	2
6269	1
6270	1
6272	1
6275	1
6276	2
6277	1
6278	1
6279	1
6280	2
6282	1
6283	2
6285	1
6287	2
6288	1
6289	2
6291	1
6292	1
6294	1
6298	1
6302	1
6305	1
6306	2
6307	1
6311	1
6314	2
6316	1
6317	2
6319	1
6323	1
6324	2
6326	1
6327	1
6328	2
6329	1
6330	1
6332	1
6334	1
6336	1
6338	1
6342	1
6345	2
6347	1
6348	1
6349	2
6350	2
6353	1
6354	3
6356	1
6357	1
6358	2
6364	1
6365	1
6366	1
6368	1
6369	2
6370	1
6371	1
6373	2
6376	1
6382	2
6385	1
6386	2
6387	1
6388	2
6390	1
6392	2
6393	1
6395	1
6401	1
6403	3
6405	2
6408	2
6409	1
6410	1
6412	1
6414	1
6416	1
6419	1
6420	2
6423	1
6426	1
6427	2
6428	2
6429	2
6431	2
6432	1
6433	1
6434	1
6435	1
6436	1
6437	1
6441	2
6442	2
6446	1
6448	1
6449	1
6450	1
6455	1
6458	1
6459	2
6463	2
6464	2
6465	2
6466	2
6467	1
6472	2
6473	1
6477	3
6479	1
6482	2
6487	1
6489	1
6494	3
6496	1
6497	1
6498	1
6501	1
6503	1
6508	1
6510	1
6512	1
6515	1
6516	1
6518	1
6521	1
6522	1
6523	2
6530	1
6532	4
6537	1
6539	2
6543	1
6544	1
6545	1
6546	1
6547	1
6548	2
6550	1
6551	1
6552	1
6553	2
6554	1
6556	1
6557	2
6558	1
6559	1
6563	2
6567	1
6570	1
6572	1
6577	1
6578	1
6580	1
6589	1
6593	3
6594	1
6596	1
6597	3
6598	1
6599	1
6601	1
6603	2
6604	2
6605	2
6606	2
6607	1
6608	2
6609	3
6611	1
6614	1
6616	1
6618	1
6623	1
6624	1
6625	1
6626	1
6627	3
6628	1
6630	2
6631	1
6633	1
6634	1
6635	1
6636	1
6637	1
6638	1
6642	1
6645	1
6646	1
6648	1
6649	2
6654	1
6655	1
6658	1
6659	2
6660	1
6661	2
6662	1
6669	1
6670	1
6671	2
6676	2
6678	2
6685	1
6687	1
6688	2
6689	2
6691	1
6693	1
6696	1
6700	2
6701	1
6704	1
6706	1
6707	1
6708	3
6712	1
6713	1
6714	1
6715	1
6716	1
6717	1
6719	1
6720	2
6721	1
6723	1
6724	2
6726	2
6728	1
6732	1
6733	1
6735	1
6738	1
6740	1
6741	2
6742	1
6745	1
6747	1
6748	1
6749	1
6752	2
6753	1
6754	1
6755	1
6758	1
6762	2
6768	1
6769	4
6773	1
6777	2
6778	1
6779	1
6780	2
6781	1
6782	2
6784	1
6786	1
6788	1
6790	2
6791	1
6792	2
6801	1
6803	1
6807	1
6808	1
6809	2
6810	1
6813	1
6814	1
6815	2
6824	1
6826	4
6828	2
6829	1
6831	1
6834	1
6836	1
6838	3
6840	1
6842	1
6844	1
6852	1
6858	1
6861	2
6864	1
6866	2
6868	2
6869	2
6870	2
6874	2
6875	1
6877	2
6878	1
6879	3
6881	1
6883	2
6887	2
6893	1
6894	1
6899	1
6901	2
6905	1
6907	1
6909	1
6910	2
6913	1
6914	1
6915	1
6916	1
6923	2
6924	3
6925	1
6927	2
6928	1
6930	2
6932	1
6935	2
6950	2
6951	3
6952	1
6956	2
6958	1
6959	2
6960	2
6965	2
6967	1
6968	2
6969	2
6970	1
6972	1
6973	1
6974	2
6977	2
6978	1
6979	1
6980	1
6983	2
6985	1
6986	1
6988	2
6990	1
6991	1
6992	1
6995	1
6999	2
7000	1
7004	1
7005	1
7006	1
7009	1
7012	2
7013	1
7015	1
7019	1
7020	1
7021	1
7025	1
7027	1
7030	1
7035	1
7038	1
7041	1
7045	1
7046	1
7051	1
7055	2
7063	2
7066	1
7068	2
7071	2
7072	1
7073	1
7076	1
7077	2
7078	1
7080	1
7082	1
7084	1
7086	2
7089	1
7092	1
7094	1
7097	2
7101	1
7102	3
7103	1
7107	1
7112	1
7114	1
7115	2
7120	2
7122	1
7123	1
7126	2
7128	1
7129	2
7130	2
7132	1
7134	2
7135	1
7138	2
7139	1
7144	2
7145	1
7152	1
7157	2
7159	1
7164	1
7167	1
7169	1
7171	1
7174	1
7178	1
7181	2
7183	1
7184	1
7185	1
7186	2
7188	2
7194	2
7195	1
7204	1
7209	1
7215	1
7222	3
7230	1
7233	2
7238	1
7240	1
7241	1
7242	1
7251	1
7258	1
7260	1
7263	1
7264	1
7270	1
7271	1
7275	1
7277	2
7279	1
7283	1
7285	2
7290	1
7293	1
7294	3
7296	1
7297	1
7303	1
7304	1
7305	1
7307	2
7309	1
7318	1
7326	2
7329	1
7330	1
7331	1
7339	1
7347	1
7349	1
7350	1
7351	1
7352	1
7353	1
7355	1
7356	1
7358	1
7361	1
7362	1
7366	1
7369	1
7370	1
7372	2
7380	1
7381	2
7383	1
7384	2
7388	1
7392	1
7394	2
7399	1
7400	1
7402	1
7403	2
7404	2
7418	2
7419	2
7424	1
7425	1
7428	1
7430	2
7432	1
7433	3
7434	1
7436	1
7440	2
7447	1
7448	1
7452	1
7455	1
7456	1
7458	1
7459	1
7460	3
7464	2
7466	1
7467	1
7469	1
7471	1
7472	1
7474	1
7475	1
7479	1
7485	1
7486	3
7488	3
7494	1
7495	1
7499	1
7506	1
7507	1
7510	1
7520	1
7522	1
7523	1
7524	1
7525	1
7532	1
7533	2
7540	1
7547	1
7553	1
7558	1
7559	1
7560	1
7562	2
7568	1
7570	1
7572	1
7578	2
7586	1
7588	1
7589	1
7593	1
7595	1
7596	1
7597	1
7598	2
7599	1
7602	2
7613	2
7617	1
7622	2
7624	1
7625	2
7630	1
7634	2
7640	1
7643	1
7644	1
7649	2
7657	1
7661	1
7668	2
7674	1
7676	1
7678	1
7681	1
7682	2
7689	1
7692	1
7693	2
7695	1
7697	1
7699	1
7700	1
7704	2
7705	2
7706	1
7713	1
7720	2
7724	1
7726	1
7729	1
7731	1
7733	1
7735	1
7741	1
7745	1
7747	1
7748	1
7750	1
7753	1
7758	1
7761	1
7766	1
7767	1
7771	2
7772	1
7778	2
7785	1
7786	1
7794	1
7795	1
7796	1
7797	1
7802	1
7804	1
7806	2
7812	1
7814	1
7815	2
7831	1
7832	1
7838	2
7840	1
7841	2
7843	1
7844	1
7846	1
7850	1
7852	2
7855	2
7856	1
7858	1
7860	1
7861	1
7862	1
7863	1
7864	1
7866	1
7867	1
7868	1
7872	1
7877	1
7878	2
7879	2
7880	1
7883	2
7884	1
7885	1
7886	1
7888	1
7890	1
7892	1
7902	1
7903	1
7908	2
7911	2
7913	1
7915	1
7916	1
7919	1
7920	2
7921	3
7923	1
7924	1
7925	1
7927	2
7929	1
7933	1
7934	1
7937	1
7938	1
7945	2
7952	1
7953	1
7955	1
7956	3
7959	1
7963	1
7965	1
7967	2
7968	1
7969	1
7970	2
7974	2
7975	1
7976	1
7979	1
7984	1
7986	1
7987	1
7988	1
7990	1
7991	2
7992	1
7994	1
7995	1
7996	1
7999	3
8000	1
8004	1
8005	1
8008	2
8012	1
8014	1
8016	1
8017	1
8018	1
8019	3
8020	3
8021	3
8023	1
8025	2
8026	1
8027	1
8032	1
8033	1
8034	1
8037	1
8044	1
8045	1
8048	3
8050	1
8051	2
8053	1
8054	1
8056	1
8058	1
8060	1
8061	1
8065	1
8066	1
8067	1
8070	1
8073	1
8074	1
8076	1
8078	1
8080	2
8083	1
8087	1
8091	1
8092	1
8093	1
8096	2
8098	1
8100	1
8102	1
8103	1
8109	1
8111	3
8113	1
8114	1
8115	1
8117	1
8118	1
8123	1
8126	1
8127	1
8129	1
8135	1
8138	2
8140	1
8141	1
8142	1
8143	1
8144	1
8145	3
8146	2
8148	2
8150	1
8152	1
8153	1
8154	1
8158	2
8161	2
8162	2
8163	1
8165	1
8166	1
8168	1
8170	1
8174	1
8175	2
8176	1
8177	1
8179	1
8180	1
8181	1
8188	2
8189	1
8190	1
8191	1
8196	1
8198	1
8200	1
8204	3
8205	1
8208	1
8211	1
8212	1
8213	2
8219	2
8220	2
8221	1
8222	1
8224	3
8225	1
8228	1
8230	2
8231	3
8232	3
8238	1
8240	1
8241	1
8242	1
8243	1
8244	1
8245	3
8249	1
8254	1
8263	2
8266	3
8267	1
8268	2
8270	2
8272	2
8275	3
8277	1
8280	1
8281	1
8288	1
8291	1
8295	2
8297	1
8301	2
8303	1
8306	1
8308	1
8310	1
8313	2
8314	1
8319	1
8323	1
8324	1
8325	1
8327	3
8331	1
8333	1
8334	1
8335	1
8339	1
8341	1
8343	1
8346	1
8351	2
8354	1
8355	2
8357	1
8362	2
8363	1
8365	1
8366	1
8367	3
8368	2
8376	1
8378	1
8382	2
8393	2
8395	2
8397	1
8399	1
8404	1
8405	1
8408	1
8409	1
8410	1
8411	3
8412	1
8414	2
8415	2
8418	1
8420	1
8421	1
8422	2
8429	1
8430	1
8434	2
8435	1
8442	1
8445	1
8447	1
8449	1
8454	1
8455	1
8456	1
8459	1
8462	1
8473	1
8474	1
8475	1
8481	1
8484	1
8488	1
8490	1
8495	1
8496	1
8497	1
8499	2
8500	2
8501	1
8504	2
8506	1
8512	1
8513	1
8523	1
8524	1
8527	1
8529	1
8535	1
8538	1
8540	1
8541	1
8542	1
8543	1
8546	1
8548	2
8550	2
8555	1
8558	1
8569	1
8571	1
8572	1
8576	1
8578	1
8580	1
8581	1
8585	1
8593	1
8594	1
8597	1
8601	1
8605	1
8612	1
8613	1
8615	1
8616	1
8623	1
8626	1
8627	1
8628	2
8629	2
8630	1
8634	2
8635	1
8637	1
8638	1
8639	1
8640	1
8641	1
8644	1
8645	1
8649	1
8651	1
8652	2
8653	1
8657	1
8659	2
8665	1
8672	1
8674	1
8676	1
8680	2
8691	1
8692	2
8693	2
8696	1
8700	1
8704	1
8706	1
8716	1
8717	1
8721	1
8722	1
8727	3
8728	1
8730	1
8736	1
8737	1
8738	1
8754	1
8759	1
8761	1
8762	2
8763	1
8764	1
8766	1
8768	2
8771	1
8777	1
8785	2
8794	1
8795	1
8799	1
8801	1
8815	1
8817	1
8818	1
8820	1
8821	1
8823	1
8829	1
8833	1
8840	1
8842	1
8843	1
8844	1
8845	1
8850	1
8851	1
8858	2
8860	1
8865	1
8868	1
8871	1
8876	1
8877	2
8882	1
8885	1
8886	1
8887	1
8895	1
8906	1
8907	1
8921	1
8926	1
8929	1
8931	2
8941	1
8943	1
8948	1
8959	1
8961	1
8965	1
8970	1
8974	1
8983	1
8999	2
9000	2
9003	1
9004	1
9005	2
9010	1
9011	2
9021	1
9023	2
9034	1
9036	1
9037	1
9039	1
9040	1
9049	1
9054	1
9055	1
9059	1
9060	1
9061	2
9064	1
9072	3
9073	1
9074	1
9079	3
9081	1
9089	2
9090	1
9101	1
9103	1
9123	2
9124	2
9129	1
9131	1
9133	1
9136	1
9138	1
9139	2
9143	1
9145	1
9146	1
9149	1
9150	1
9153	1
9154	2
9155	1
9158	1
9160	2
9165	1
9167	1
9171	1
9172	2
9173	1
9179	1
9181	2
9185	1
9187	1
9190	1
9195	1
9201	1
9202	1
9209	1
9212	1
9214	3
9216	1
9217	1
9223	1
9225	1
9230	1
9232	1
9246	1
9249	4
9253	1
9256	1
9270	1
9284	1
9294	1
9300	1
9301	1
9302	1
9311	1
9323	1
9325	1
9327	3
9329	2
9341	1
9342	2
9344	2
9351	1
9353	1
9360	1
9362	1
9364	1
9366	1
9376	2
9381	1
9386	1
9387	2
9396	1
9401	1
9403	1
9405	1
9414	1
9416	1
9418	1
9419	1
9420	1
9424	1
9425	1
9428	1
9429	1
9435	1
9437	1
9451	1
9452	1
9457	1
9460	1
9461	1
9462	1
9466	1
9471	2
9486	1
9488	1
9489	1
9493	1
9494	1
9499	1
9516	1
9518	1
9521	1
9530	1
9534	1
9535	1
9538	1
9539	2
9541	1
9543	1
9544	1
9546	1
9548	1
9549	1
9551	1
9553	2
9561	1
9565	1
9566	2
9575	1
9584	1
9587	1
9588	1
9590	1
9591	1
9600	1
9601	1
9604	1
9606	1
9610	1
9612	1
9616	1
9622	1
9629	1
9634	1
9646	1
9653	1
9657	1
9658	1
9661	1
9662	1
9663	1
9666	2
9667	2
9674	1
9679	1
9680	1
9681	1
9692	1
9693	1
9696	1
9703	1
9710	1
9730	1
9735	1
9740	2
9742	1
9744	1
9745	3
9747	2
9748	1
9752	1
9758	1
9775	1
9776	1
9788	2
9791	1
9792	1
9798	3
9805	1
9808	1
9815	1
9827	1
9831	1
9838	2
9843	1
9844	1
9845	1
9854	1
9859	1
9861	1
9866	1
9873	1
9874	1
9876	1
9884	3
9886	2
9889	1
9890	1
9915	1
9919	1
9920	1
9922	1
9927	3
9928	1
9932	1
9933	1
9936	1
9960	1
9962	1
9963	1
9971	1
9972	3
9978	1
9984	1
9989	1
10002	1
10010	1
10015	2
10021	1
10026	1
10027	1
10028	1
10041	1
10050	1
10053	3
10056	1
10063	1
10081	1
10083	2
10089	2
10096	1
10098	1
10100	1
10103	1
10104	1
10114	1
10117	1
10118	1
10119	1
10120	1
10122	2
10127	3
10128	3
10131	2
10156	1
10158	1
10161	1
10165	1
10166	3
10167	1
10168	1
10175	2
10176	1
10182	1
10183	1
10186	1
10187	1
10190	2
10193	1
10195	1
10196	1
10201	1
10205	1
10207	1
10208	2
10213	1
10215	1
10219	1
10220	1
10224	2
10228	1
10229	1
10238	1
10243	1
10246	1
10249	1
10255	1
10256	1
10257	1
10263	1
10265	1
10277	1
10278	1
10279	1
10280	1
10281	2
10283	1
10294	1
10303	1
10310	1
10312	1
10314	2
10316	1
10319	1
10321	1
10326	1
10336	1
10345	1
10346	1
10353	1
10354	1
10355	1
10370	1
10377	1
10379	2
10385	1
10387	1
10398	1
10399	1
10403	1
10404	1
10412	1
10413	1
10416	1
10418	2
10419	1
10420	1
10421	1
10426	1
10429	1
10431	1
10433	1
10443	1
10450	1
10451	1
10452	2
10453	1
10470	1
10471	1
10472	1
10483	1
10492	1
10494	1
10502	1
10511	1
10514	2
10517	1
10519	1
10525	1
10532	1
10535	1
10539	1
10543	1
10544	1
10561	2
10563	2
10565	1
10566	1
10572	1
10574	3
10578	2
10592	1
10598	1
10603	1
10606	1
10611	1
10614	1
10635	1
10637	1
10641	1
10646	3
10647	1
10648	2
10654	1
10662	1
10668	1
10670	1
10671	1
10676	1
10677	2
10678	1
10679	1
10694	1
10695	1
10700	1
10705	1
10706	1
10707	1
10719	1
10720	1
10722	1
10726	1
10727	2
10730	1
10732	1
10734	1
10741	1
10744	1
10749	1
10754	1
10756	2
10759	1
10765	1
10769	2
10770	2
10772	1
10773	1
10774	1
10782	2
10783	1
10787	1
10796	1
10807	1
10812	1
10814	1
10815	1
10819	1
10822	1
10826	1
10827	1
10828	1
10830	1
10832	1
10844	1
10846	1
10859	1
10865	1
10877	1
10885	1
10886	1
10888	1
10889	1
10895	1
10896	1
10900	1
10910	1
10912	1
10913	1
10920	1
10921	1
10924	1
10925	1
10931	1
10934	1
10937	1
10942	1
10949	2
10957	1
10958	1
10967	1
10975	1
10981	1
10984	1
10996	1
11007	1
