6	12
7	11
10	12
11	12
22	12
23	12
26	14
27	18
31	5
38	13
39	13
40	5
42	12
43	20
44	7
47	4
54	9
55	15
56	7
58	11
59	17
60	6
104	1
112	1
115	2
116	1
150	1
151	1
155	1
214	1
225	1
256	11
257	10
258	9
259	10
260	9
261	8
262	7
263	6
264	6
265	4
266	1
267	10
268	6
269	7
270	6
271	4
272	2
273	4
274	2
275	3
276	3
277	2
278	3
279	3
280	3
281	3
282	2
283	3
284	1
285	1
286	7
287	5
289	6
290	5
291	4
292	4
294	2
295	5
296	2
297	5
299	12
300	10
301	6
302	9
303	10
304	8
305	4
306	8
307	7
308	4
309	7
310	6
312	5
313	5
314	12
315	1
316	6
317	7
319	7
320	6
321	6
322	5
323	2
324	2
325	4
326	5
327	1
328	2
330	3
332	5
333	11
334	4
335	11
336	8
338	5
339	3
340	4
341	4
342	4
343	4
344	3
345	2
346	3
347	2
348	1
349	2
351	2
353	1
354	1
355	5
357	2
358	1
360	10
361	5
362	7
363	5
364	4
365	1
368	7
369	6
370	6
371	8
372	4
373	2
374	5
375	1
376	4
378	3
379	5
384	6
385	6
386	9
387	12
389	2
391	1
393	1
394	3
395	2
396	2
397	1
398	1
399	1
400	4
401	1
402	3
403	1
404	1
406	4
407	2
408	3
410	7
411	3
412	3
414	7
416	5
418	3
419	3
420	4
422	9
423	5
424	1
426	5
429	1
431	3
433	9
435	2
436	1
437	1
439	2
440	2
441	1
442	3
443	3
444	1
445	2
448	2
450	2
451	4
452	4
454	10
455	2
456	7
459	4
461	6
462	4
463	6
464	3
465	4
466	2
467	8
469	2
471	7
473	3
474	5
475	1
476	4
478	2
479	2
480	2
481	2
482	1
483	1
484	1
485	2
486	1
488	1
489	1
490	4
491	2
493	1
494	11
495	3
497	5
500	9
501	9
504	5
506	1
508	6
511	7
512	3
513	10
514	1
516	2
517	3
518	2
519	1
520	1
521	2
522	2
523	1
524	2
526	1
527	1
529	1
530	2
531	1
532	8
533	11
534	3
535	8
536	2
539	4
540	3
544	2
547	8
553	1
556	1
557	1
558	2
559	2
560	1
562	3
563	1
564	1
567	1
568	2
570	6
571	8
572	2
575	5
577	4
578	5
579	3
580	2
583	4
587	9
589	2
592	2
593	2
594	2
595	2
596	1
597	2
599	1
605	9
606	2
607	4
608	1
610	4
614	1
615	5
616	4
617	6
618	1
623	4
625	1
628	1
629	4
630	1
631	2
632	1
633	2
635	3
636	7
638	9
639	1
640	6
641	2
644	6
645	4
646	2
648	9
649	3
653	3
654	5
655	5
658	1
659	2
660	1
661	1
662	1
663	1
664	1
665	9
666	4
667	6
672	2
673	1
674	4
675	3
676	3
679	3
682	2
684	2
685	4
686	2
687	1
688	2
689	2
691	1
693	1
694	2
698	5
699	4
700	1
701	6
707	11
709	1
710	2
711	1
712	2
714	3
716	1
717	5
719	7
722	2
723	1
724	2
725	1
726	4
731	4
733	1
734	1
735	1
736	2
737	2
738	2
740	6
741	2
744	3
746	2
747	2
748	1
749	4
750	1
756	4
758	2
759	1
760	1
762	1
763	1
765	4
766	4
770	5
771	4
772	5
774	1
780	2
781	2
782	1
787	9
788	8
789	4
793	2
794	9
795	2
796	6
798	1
803	1
804	1
805	1
809	2
811	2
815	7
816	2
817	2
823	4
824	6
826	1
827	1
828	1
830	3
832	8
833	6
834	2
840	3
841	1
842	3
850	2
851	1
852	2
854	1
855	2
857	11
858	8
859	5
860	3
865	4
866	1
871	2
872	1
873	2
875	1
876	1
877	1
878	1
879	1
882	7
883	4
884	3
889	10
890	1
891	4
896	2
898	2
899	2
900	1
903	13
904	5
905	5
906	5
908	5
909	7
911	3
912	2
913	3
914	3
915	2
916	2
922	1
926	6
927	1
928	2
929	8
931	1
933	9
934	3
937	2
938	4
940	3
946	3
949	12
952	2
954	1
955	2
956	4
957	3
958	1
961	2
962	1
966	1
972	2
973	3
974	2
975	6
977	3
986	2
987	3
988	14
989	1
990	3
991	1
993	4
996	2
1007	8
1008	7
1012	2
1013	3
1014	1
1020	5
1025	11
1027	2
1028	7
1029	1
1030	1
1032	4
1033	5
1034	1
1037	1
1038	1
1041	2
1044	4
1049	3
1051	2
1053	1
1054	11
1055	4
1056	2
1057	3
1058	4
1059	1
1060	8
1065	5
1072	4
1077	2
1083	3
1089	6
1091	7
1094	1
1099	2
1104	5
1111	8
1112	2
1113	4
1114	2
1115	1
1116	5
1118	3
1119	1
1123	4
1125	1
1127	3
1132	1
1133	6
1134	3
1135	1
1140	5
1141	6
1142	1
1143	4
1144	2
1145	2
1151	2
1152	2
1153	2
1154	7
1155	2
1159	12
1160	5
1166	6
1167	2
1168	5
1170	5
1172	5
1173	2
1178	3
1179	2
1190	1
1192	6
1195	7
1196	2
1197	1
1202	2
1203	3
1207	2
1215	2
1216	1
1217	4
1220	1
1221	9
1222	7
1223	12
1224	7
1225	5
1226	5
1227	3
1232	2
1233	1
1237	1
1240	2
1241	1
1246	6
1247	2
1248	1
1249	1
1252	2
1255	1
1256	5
1257	3
1258	3
1260	1
1262	1
1263	4
1267	8
1268	5
1271	2
1272	1
1274	2
1277	2
1278	1
1283	2
1285	1
1287	3
1288	2
1289	2
1290	1
1296	5
1297	1
1299	3
1301	4
1304	1
1310	2
1313	2
1314	6
1315	6
1316	1
1317	1
1320	4
1323	6
1326	8
1327	1
1328	4
1335	1
1336	10
1337	2
1339	2
1340	1
1343	4
1344	6
1345	2
1346	2
1347	4
1348	1
1355	5
1356	3
1363	1
1367	3
1370	6
1371	5
1372	1
1373	10
1374	5
1375	5
1376	3
1377	3
1379	1
1383	4
1386	2
1387	6
1392	3
1396	3
1397	7
1398	6
1399	4
1400	1
1401	2
1402	1
1404	4
1405	7
1406	5
1408	3
1409	4
1410	5
1411	1
1412	3
1413	6
1414	6
1415	2
1418	3
1420	2
1426	3
1429	3
1430	3
1435	3
1437	4
1438	5
1439	5
1440	5
1441	4
1442	6
1443	2
1444	4
1446	3
1447	1
1448	4
1450	1
1451	2
1455	3
1458	7
1459	3
1461	3
1463	6
1466	1
1467	6
1472	2
1473	1
1474	2
1475	1
1477	3
1478	2
1479	2
1482	5
1483	3
1484	5
1485	8
1486	8
1487	4
1488	4
1489	1
1491	3
1492	9
1493	1
1494	2
1496	4
1498	6
1500	1
1501	2
1502	1
1503	3
1504	3
1506	1
1510	1
1511	2
1512	4
1513	2
1517	3
1519	3
1521	2
1522	2
1523	2
1525	5
1526	1
1527	3
1528	8
1529	3
1530	6
1533	2
1534	8
1536	2
1537	1
1538	3
1539	1
1541	2
1542	2
1544	1
1545	5
1547	2
1551	1
1552	5
1553	4
1558	3
1559	2
1561	1
1563	2
1564	4
1568	3
1569	4
1570	3
1571	7
1572	9
1575	3
1576	1
1577	7
1579	3
1580	1
1586	7
1589	2
1590	1
1591	1
1592	5
1593	3
1594	1
1595	1
1596	1
1599	2
1606	4
1607	5
1608	2
1609	1
1611	4
1613	3
1614	1
1616	3
1617	2
1618	3
1619	2
1621	1
1623	2
1624	2
1625	1
1627	1
1628	1
1630	4
1632	1
1633	2
1636	2
1637	4
1638	1
1640	3
1641	1
1642	2
1644	9
1645	2
1646	4
1650	5
1652	2
1653	1
1656	2
1657	3
1658	3
1659	4
1663	1
1668	3
1671	3
1673	3
1674	5
1675	3
1676	4
1677	5
1678	1
1679	1
1680	2
1681	1
1682	3
1685	6
1686	1
1689	1
1691	3
1692	2
1694	4
1697	6
1699	4
1700	2
1712	2
1714	4
1716	5
1718	5
1719	2
1720	2
1721	5
1724	4
1725	4
1726	5
1727	1
1730	2
1731	5
1732	4
1734	1
1736	1
1737	2
1738	2
1740	4
1743	3
1744	1
1745	4
1746	5
1747	2
1758	4
1759	3
1760	2
1761	3
1763	1
1764	7
1765	1
1766	3
1767	2
1769	3
1770	4
1771	3
1772	1
1775	2
1776	1
1778	1
1779	3
1780	2
1782	5
1786	4
1787	4
1788	3
1789	9
1792	3
1793	2
1794	5
1795	1
1796	2
1797	3
1798	4
1806	4
1808	5
1811	1
1812	6
1814	2
1816	1
1820	1
1821	2
1823	1
1827	2
1829	4
1832	4
1834	3
1835	3
1836	4
1838	6
1840	3
1841	7
1851	3
1852	2
1853	3
1854	3
1857	2
1862	1
1863	1
1865	2
1869	1
1871	5
1872	1
1875	4
1876	7
1877	2
1878	2
1880	3
1881	1
1883	1
1884	6
1885	4
1886	8
1887	1
1888	1
1889	2
1891	2
1899	1
1902	6
1903	2
1904	2
1905	3
1907	1
1910	4
1912	2
1913	1
1914	2
1918	2
1920	1
1921	1
1922	1
1927	1
1930	2
1932	1
1933	3
1936	2
1937	3
1938	2
1939	2
1940	6
1941	3
1942	2
1944	2
1945	7
1952	2
1955	4
1958	3
1963	2
1964	3
1965	5
1966	4
1970	1
1975	1
1976	1
1981	2
1983	2
1984	3
1985	2
1986	1
1987	5
1988	5
1989	1
1990	3
1991	3
1992	2
2000	3
2001	1
2002	7
2003	1
2004	2
2005	8
2006	3
2007	3
2009	1
2010	5
2014	2
2015	1
2016	2
2017	6
2018	4
2020	2
2021	1
2023	1
2027	2
2028	4
2030	4
2031	4
2034	2
2035	5
2037	1
2038	2
2039	1
2040	1
2043	5
2044	4
2046	1
2047	2
2049	3
2051	3
2054	2
2055	5
2056	6
2057	4
2058	2
2060	6
2065	5
2068	3
2069	6
2072	2
2073	1
2076	1
2078	2
2079	3
2080	2
2084	1
2085	6
2086	4
2087	7
2088	3
2090	1
2091	11
2092	4
2094	2
2095	3
2096	5
2097	5
2098	5
2099	6
2103	1
2104	2
2105	5
2108	2
2110	1
2111	3
2112	6
2113	3
2114	4
2116	6
2117	2
2121	3
2123	3
2125	4
2126	2
2127	3
2128	2
2129	2
2130	1
2136	2
2140	5
2141	1
2142	4
2143	5
2145	1
2147	4
2148	2
2149	1
2150	4
2151	7
2152	2
2153	4
2154	8
2155	2
2156	1
2158	3
2159	2
2160	2
2162	3
2163	2
2166	6
2167	1
2168	1
2169	2
2170	7
2175	2
2178	1
2179	2
2180	4
2182	5
2184	1
2185	2
2190	1
2193	7
2194	1
2195	3
2197	3
2199	6
2200	2
2201	3
2202	3
2203	1
2205	3
2208	6
2209	4
2210	5
2211	4
2212	1
2214	5
2215	3
2216	1
2217	1
2218	3
2221	1
2222	2
2223	7
2224	5
2226	3
2227	2
2235	2
2236	1
2238	1
2239	2
2240	1
2242	2
2249	2
2250	1
2251	2
2254	4
2255	1
2256	3
2257	3
2261	2
2262	3
2263	1
2264	5
2265	3
2266	4
2267	1
2268	2
2269	1
2270	3
2271	2
2272	2
2274	1
2276	5
2277	1
2279	2
2280	1
2284	1
2289	1
2290	5
2291	2
2295	2
2297	1
2298	2
2300	1
2301	2
2302	6
2303	1
2304	1
2306	3
2307	2
2310	4
2313	3
2314	1
2315	1
2316	3
2318	2
2320	5
2321	2
2322	4
2323	1
2325	4
2326	3
2327	3
2328	1
2329	1
2330	6
2331	1
2337	1
2338	1
2340	4
2341	1
2342	1
2343	5
2346	2
2349	1
2350	2
2353	1
2354	1
2355	1
2356	2
2360	1
2361	4
2362	2
2364	6
2367	2
2368	7
2370	2
2371	1
2372	4
2373	3
2374	1
2375	1
2376	2
2377	3
2378	4
2379	3
2380	5
2381	4
2383	2
2384	2
2385	3
2386	4
2387	5
2391	2
2392	3
2396	2
2400	3
2401	2
2402	2
2408	1
2412	2
2413	3
2416	1
2417	2
2421	1
2422	3
2423	4
2425	3
2426	1
2427	5
2429	2
2430	1
2432	2
2433	1
2434	2
2435	3
2436	4
2437	1
2438	4
2439	1
2440	2
2441	2
2446	1
2450	1
2452	4
2453	2
2454	2
2456	4
2462	1
2467	2
2468	3
2469	1
2470	1
2473	4
2474	1
2475	1
2476	2
2477	2
2478	1
2479	1
2481	1
2483	1
2485	2
2486	2
2487	1
2488	2
2489	2
2491	3
2492	1
2502	2
2503	3
2504	2
2505	3
2508	2
2509	1
2516	1
2518	1
2524	3
2527	6
2529	6
2530	3
2531	1
2533	2
2535	3
2536	5
2538	1
2539	1
2542	1
2543	7
2545	4
2553	4
2556	3
2557	3
2558	1
2562	2
2568	2
2569	1
2570	6
2571	1
2572	4
2574	8
2578	2
2579	3
2582	2
2583	2
2585	1
2586	2
2589	4
2590	3
2592	2
2593	2
2594	3
2595	2
2597	4
2598	1
2600	5
2602	1
2603	3
2604	1
2605	3
2617	1
2618	4
2619	3
2620	2
2628	1
2629	3
2632	6
2633	4
2642	1
2643	2
2644	6
2646	1
2647	2
2649	2
2650	1
2651	4
2655	3
2656	2
2657	3
2659	1
2665	1
2666	1
2670	2
2671	6
2673	2
2674	1
2680	2
2683	1
2684	2
2688	6
2690	2
2691	4
2693	1
2695	2
2697	4
2698	4
2699	1
2701	2
2719	2
2721	3
2725	5
2726	3
2728	3
2729	2
2733	1
2736	2
2737	4
2739	3
2740	1
2743	4
2745	2
2746	3
2747	2
2755	6
2758	1
2762	1
2763	1
2765	2
2766	5
2769	2
2779	2
2780	5
2781	4
2786	1
2791	2
2795	2
2797	1
2798	3
2799	6
2801	3
2802	3
2803	1
2805	3
2807	1
2808	2
2810	3
2816	1
2819	1
2820	3
2821	3
2829	4
2831	3
2832	2
2834	1
2839	1
2840	2
2846	1
2851	4
2853	3
2854	3
2857	1
2860	4
2861	2
2862	5
2863	5
2865	3
2866	1
2868	2
2870	1
2872	3
2873	6
2874	5
2877	3
2879	2
2891	2
2894	2
2898	1
2899	2
2900	1
2901	1
2903	3
2904	1
2905	1
2907	3
2908	1
2909	1
2911	5
2919	1
2920	3
2921	1
2922	2
2923	3
2925	2
2929	1
2931	1
2932	1
2943	3
2944	1
2948	3
2949	2
2950	1
2951	1
2953	4
2956	1
2957	5
2958	4
2961	1
2962	2
2964	2
2966	3
2969	2
2971	1
2975	2
2976	2
2978	1
2989	1
2990	2
2995	1
2996	1
2999	3
3000	3
3001	2
3003	6
3005	1
3012	3
3013	2
3014	5
3016	2
3017	3
3018	1
3019	1
3021	3
3022	4
3037	5
3047	1
3048	1
3049	1
3051	6
3053	4
3055	3
3056	1
3058	1
3060	3
3064	1
3065	4
3066	2
3069	1
3070	1
3073	3
3074	1
3075	3
3076	2
3077	1
3078	1
3087	4
3088	4
3092	1
3101	2
3102	5
3103	2
3104	1
3106	4
3107	2
3108	4
3110	1
3112	2
3113	1
3115	1
3117	1
3119	3
3120	1
3124	1
3128	4
3130	2
3131	1
3141	2
3142	1
3148	2
3149	1
3151	1
3153	1
3155	3
3158	2
3159	2
3165	1
3168	5
3170	2
3174	2
3177	1
3190	2
3191	4
3192	1
3202	2
3205	1
3207	2
3213	2
3215	2
3216	2
3218	2
3219	6
3223	3
3224	2
3228	2
3234	1
3242	3
3245	2
3252	1
3253	1
3255	1
3256	1
3262	1
3265	2
3266	1
3268	1
3270	1
3273	1
3276	4
3280	1
3283	1
3285	1
3299	2
3302	7
3308	1
3309	1
3313	2
3314	2
3319	1
3320	1
3327	4
3328	1
3330	3
3331	2
3334	1
3335	2
3337	1
3343	2
3353	4
3354	1
3357	1
3358	1
3360	5
3364	1
3365	1
3367	5
3371	2
3382	2
3383	4
3384	2
3385	2
3386	3
3387	1
3389	1
3390	3
3391	2
3396	2
3397	3
3402	2
3403	3
3409	2
3413	2
3414	1
3417	1
3418	1
3419	1
3432	2
3433	2
3434	3
3436	3
3437	3
3441	1
3442	2
3444	2
3447	2
3456	3
3457	2
3459	2
3463	1
3467	1
3468	6
3469	3
3471	2
3474	4
3475	1
3481	1
3484	2
3487	4
3488	2
3491	6
3492	3
3498	1
3499	1
3500	1
3502	1
3508	1
3513	4
3514	1
3526	1
3527	3
3528	2
3536	1
3541	1
3542	1
3543	3
3544	5
3546	2
3547	2
3548	1
3549	4
3551	2
3552	2
3555	1
3556	3
3560	1
3561	1
3562	3
3563	2
3567	3
3570	1
3571	2
3572	2
3573	2
3577	2
3578	1
3579	3
3584	4
3591	1
3592	4
3593	4
3596	2
3597	5
3598	3
3599	1
3603	1
3604	2
3608	4
3609	1
3610	2
3617	2
3618	2
3622	1
3624	1
3627	1
3629	2
3632	3
3638	2
3639	7
3640	3
3643	2
3644	5
3645	5
3646	3
3648	1
3649	4
3650	2
3651	5
3652	1
3659	1
3664	1
3665	1
3666	1
3668	1
3669	1
3674	4
3676	1
3677	1
3680	2
3682	2
3687	2
3688	1
3690	3
3693	5
3695	1
3696	2
3697	3
3698	1
3701	4
3703	4
3704	1
3711	1
3712	3
3714	2
3715	3
3716	1
3717	4
3718	2
3719	4
3720	1
3721	2
3722	2
3723	2
3725	2
3726	1
3729	1
3730	2
3734	2
3735	1
3743	1
3744	2
3746	2
3747	3
3750	1
3751	4
3752	2
3753	3
3754	2
3755	1
3757	2
3760	2
3761	2
3768	2
3774	2
3777	3
3782	2
3783	1
3787	1
3788	3
3789	1
3790	4
3798	2
3802	4
3806	1
3810	1
3812	1
3813	4
3817	1
3818	7
3820	1
3823	1
3824	2
3827	2
3831	3
3832	4
3835	2
3837	3
3849	3
3858	2
3861	5
3862	2
3863	1
3864	1
3865	3
3866	4
3867	2
3872	1
3873	5
3877	1
3878	2
3887	1
3888	2
3891	3
3892	3
3898	1
3899	1
3902	3
3905	1
3914	2
3915	2
3916	1
3917	5
3919	3
3920	2
3921	1
3923	1
3924	1
3925	1
3928	3
3929	2
3932	3
3934	1
3935	3
3944	3
3945	1
3957	1
3962	3
3963	1
3964	1
3971	1
3974	2
3975	1
3976	6
3979	2
3980	4
3981	2
3982	3
3985	1
3987	1
3991	4
3996	4
3998	3
4005	1
4010	3
4013	3
4017	1
4023	2
4029	2
4030	1
4031	4
4032	6
4033	2
4034	3
4044	1
4045	2
4046	1
4052	4
4053	1
4054	1
4055	2
4058	1
4061	1
4062	1
4066	3
4067	3
4073	2
4074	3
4075	3
4076	2
4079	2
4086	2
4090	1
4091	3
4092	4
4093	3
4094	3
4096	1
4097	6
4099	1
4103	1
4106	2
4113	1
4114	1
4120	1
4121	3
4124	1
4125	4
4126	1
4131	1
4132	2
4136	2
4143	3
4144	2
4148	1
4149	3
4150	5
4156	1
4176	2
4177	1
4178	3
4180	3
4181	5
4188	1
4194	2
4196	3
4198	2
4200	5
4205	4
4207	3
4208	2
4209	1
4210	5
4211	2
4216	2
4223	2
4225	2
4226	2
4228	2
4230	3
4232	2
4240	1
4242	2
4243	1
4245	3
4247	1
4251	2
4253	3
4254	5
4255	1
4256	2
4259	2
4263	1
4264	3
4267	1
4270	1
4277	1
4283	3
4289	1
4294	2
4295	1
4297	1
4299	3
4303	4
4304	4
4305	8
4310	3
4314	1
4320	1
4323	3
4324	2
4328	3
4330	1
4333	2
4334	1
4341	1
4342	3
4343	1
4352	1
4354	2
4355	1
4356	1
4357	5
4359	2
4363	3
4366	1
4369	1
4370	2
4372	3
4375	5
4387	6
4389	1
4393	2
4396	1
4398	2
4402	1
4407	1
4411	1
4412	3
4413	2
4414	3
4416	2
4422	1
4427	2
4432	5
4440	4
4441	2
4442	3
4446	3
4449	2
4451	1
4453	1
4454	2
4457	2
4459	2
4463	2
4464	2
4465	1
4467	1
4468	5
4469	1
4470	2
4472	6
4481	4
4484	3
4490	4
4505	1
4511	1
4513	1
4515	2
4516	1
4523	1
4524	2
4525	5
4526	3
4527	4
4528	1
4529	1
4537	1
4539	4
4541	2
4544	1
4545	1
4547	2
4548	2
4552	1
4558	1
4568	1
4571	2
4572	2
4573	3
4575	2
4576	1
4577	1
4578	2
4579	1
4580	4
4581	1
4588	2
4592	1
4593	2
4594	1
4600	1
4606	2
4609	1
4611	1
4617	3
4618	3
4620	2
4624	2
4627	1
4629	4
4630	1
4637	2
4638	1
4641	1
4642	2
4646	2
4648	1
4659	3
4662	1
4664	1
4668	1
4673	1
4674	1
4675	3
4679	2
4680	3
4681	1
4684	1
4690	1
4691	3
4693	3
4694	8
4696	1
4700	1
4702	2
4706	3
4709	4
4715	2
4721	3
4727	1
4730	1
4731	2
4733	4
4737	2
4738	1
4743	1
4744	7
4745	1
4757	2
4763	1
4766	3
4767	2
4777	1
4778	2
4780	3
4782	1
4784	1
4796	1
4798	1
4801	2
4808	2
4812	1
4814	2
4815	1
4819	1
4827	4
4829	4
4830	2
4831	2
4837	1
4850	3
4851	2
4855	2
4864	2
4866	2
4870	4
4872	1
4873	1
4874	2
4875	4
4877	3
4880	1
4881	3
4882	2
4884	1
4892	1
4898	3
4903	2
4904	3
4905	2
4910	1
4914	1
4916	2
4917	1
4918	1
4922	1
4923	4
4925	3
4933	4
4939	3
4943	3
4945	1
4947	2
4949	3
4955	1
4960	2
4963	1
4964	2
4966	4
4967	1
4968	1
4970	1
4977	2
4981	2
4982	1
4983	3
4984	2
4985	2
4990	2
5003	1
5004	5
5007	5
5008	1
5009	1
5012	3
5013	5
5019	1
5025	2
5028	1
5030	2
5032	3
5034	2
5035	1
5036	1
5039	3
5048	4
5052	2
5053	1
5054	1
5056	1
5057	4
5060	1
5064	1
5065	3
5067	1
5069	2
5070	2
5073	1
5074	1
5075	2
5076	2
5078	1
5079	3
5083	3
5096	1
5100	1
5102	2
5108	4
5109	2
5112	4
5117	2
5120	1
5124	2
5128	6
5130	3
5141	1
5144	3
5146	2
5149	3
5152	3
5153	1
5155	2
5158	2
5166	3
5169	4
5170	2
5173	1
5174	1
5176	2
5188	1
5190	1
5191	1
5192	1
5193	2
5196	1
5199	2
5202	1
5205	1
5206	1
5207	1
5208	3
5213	1
5215	1
5216	2
5217	2
5222	2
5223	1
5232	1
5233	1
5235	1
5237	4
5238	1
5239	4
5241	3
5244	2
5248	3
5250	5
5256	1
5259	1
5260	2
5261	1
5264	1
5266	4
5267	4
5268	3
5270	1
5279	1
5280	1
5281	1
5283	2
5284	1
5285	1
5288	2
5290	1
5292	3
5294	2
5297	2
5298	1
5309	4
5311	1
5314	2
5315	3
5316	1
5325	2
5327	4
5328	1
5329	1
5331	1
5334	4
5336	5
5337	1
5338	2
5339	2
5343	1
5351	4
5352	2
5361	1
5378	1
5381	2
5382	3
5383	4
5385	2
5387	1
5391	4
5393	2
5396	2
5398	1
5400	2
5403	1
5406	3
5413	2
5415	2
5418	2
5421	2
5424	1
5426	4
5428	3
5429	3
5432	2
5434	2
5437	2
5442	1
5443	1
5444	1
5445	2
5458	4
5465	1
5466	1
5469	3
5470	2
5472	1
5477	3
5478	2
5480	1
5484	1
5496	1
5506	1
5507	1
5510	3
5514	1
5515	3
5516	2
5518	3
5521	1
5526	1
5536	1
5541	1
5545	2
5546	2
5547	1
5552	2
5558	1
5561	1
5562	1
5564	1
5566	1
5573	3
5582	1
5583	1
5584	2
5585	3
5587	1
5591	1
5613	1
5615	1
5618	1
5620	1
5626	3
5628	1
5645	1
5647	2
5649	1
5668	1
5673	1
5675	3
5677	3
5678	1
5679	1
5680	3
5682	1
5687	1
5688	3
5693	2
5701	1
5708	2
5709	3
5710	4
5713	2
5714	2
5716	1
5743	2
5750	1
5751	1
5757	1
5778	2
5779	2
5787	2
5792	2
5801	3
5808	1
5814	3
5817	2
5818	4
5821	2
5826	1
5827	1
5829	3
5847	1
5853	1
5855	2
5860	1
5863	2
5867	2
5868	2
5869	2
5871	1
5889	2
5893	1
5894	1
5895	1
5897	2
5903	1
5907	1
5908	1
5926	2
5938	3
5947	1
5948	2
5950	1
5953	1
5963	1
5969	5
5973	2
5976	1
5977	2
5984	2
5987	2
5989	3
5992	1
6005	1
6007	2
6025	4
6026	4
6027	1
6028	3
6029	3
6030	2
6040	3
6043	1
6044	2
6059	3
6063	1
6064	1
6066	1
6068	2
6069	2
6070	1
6077	1
6079	1
6080	1
6084	1
6086	2
6087	3
6092	3
6096	1
6111	1
6113	1
6114	3
6117	3
6126	1
6130	1
6131	2
6132	1
6134	1
6140	2
6150	2
6151	2
6152	1
6154	1
6155	1
6156	3
6160	1
6161	2
6162	2
6170	2
6172	3
6182	1
6184	3
6186	1
6201	1
6202	1
6203	1
6206	2
6207	1
6208	1
6209	1
6210	1
6211	1
6221	2
6222	2
6223	4
6225	2
6226	2
6229	1
6230	2
6233	1
6239	2
6240	1
6249	2
6251	1
6252	1
6254	1
6256	1
6257	3
6259	1
6262	2
6270	2
6272	2
6274	2
6275	1
6276	1
6277	1
6284	1
6286	2
6287	2
6288	2
6289	3
6306	1
6307	1
6314	2
6321	1
6322	2
6329	1
6333	1
6334	2
6337	2
6348	2
6349	2
6350	3
6356	1
6357	1
6358	1
6362	2
6363	1
6364	1
6366	2
6370	2
6374	2
6381	2
6382	1
6400	1
6401	1
6403	4
6405	2
6408	2
6414	1
6421	3
6428	1
6431	3
6435	3
6439	1
6442	3
6443	1
6445	1
6446	2
6447	1
6448	4
6450	1
6453	1
6463	1
6465	4
6467	2
6472	1
6473	3
6479	5
6483	1
6494	1
6500	2
6502	1
6506	3
6514	1
6528	4
6532	4
6533	1
6538	1
6539	1
6545	1
6548	1
6553	4
6556	1
6557	1
6566	1
6567	3
6576	1
6577	6
6578	3
6580	1
6588	3
6595	2
6603	1
6606	3
6609	2
6616	4
6617	1
6618	3
6626	1
6627	1
6634	1
6649	4
6658	2
6659	1
6660	4
6662	2
6668	1
6670	1
6681	2
6687	1
6689	4
6698	1
6699	1
6700	1
6704	2
6717	1
6723	2
6728	2
6732	4
6740	2
6748	1
6752	2
6753	1
6762	2
6776	1
6782	2
6787	1
6792	2
6809	3
6826	3
6828	2
6834	1
6838	6
6840	3
6841	1
6844	1
6848	3
6857	1
6860	2
6870	1
6872	1
6874	1
6875	1
6878	3
6879	1
6889	1
6894	3
6896	3
6897	1
6898	1
6904	2
6907	1
6910	3
6912	1
6922	1
6923	2
6924	2
6925	3
6928	2
6932	1
6941	1
6951	2
6953	2
6956	1
6960	1
6967	4
6968	2
6970	1
6973	2
6974	1
6978	1
6990	1
6991	1
6994	1
6998	1
7000	1
7003	1
7008	2
7013	4
7019	2
7022	1
7026	1
7027	1
7030	2
7035	1
7040	1
7046	3
7055	2
7057	2
7063	3
7071	3
7093	1
7094	1
7102	3
7107	1
7112	1
7113	1
7115	1
7118	1
7123	4
7129	2
7135	1
7145	2
7146	1
7150	1
7157	4
7159	2
7160	2
7164	1
7167	1
7169	1
7178	1
7183	2
7187	1
7194	1
7215	3
7216	1
7222	2
7230	1
7238	1
7240	2
7245	2
7253	1
7258	1
7260	1
7264	2
7270	1
7275	1
7277	1
7279	4
7289	1
7306	2
7307	2
7318	2
7324	1
7326	4
7327	2
7329	2
7331	2
7339	2
7343	1
7345	1
7348	1
7351	2
7360	3
7365	1
7369	1
7372	1
7380	5
7383	2
7384	2
7385	2
7388	1
7392	1
7397	1
7398	2
7417	1
7424	1
7425	1
7428	3
7430	3
7432	3
7433	3
7439	2
7447	1
7448	2
7452	1
7453	1
7454	2
7455	1
7460	1
7472	2
7485	2
7486	4
7488	4
7493	1
7495	2
7510	2
7525	2
7532	1
7533	3
7547	2
7555	1
7564	1
7578	1
7581	1
7584	1
7585	1
7586	2
7594	1
7595	1
7598	1
7599	1
7602	2
7609	1
7612	1
7621	2
7640	1
7644	2
7649	2
7657	2
7668	2
7674	1
7682	2
7686	3
7695	2
7698	2
7699	3
7702	2
7706	1
7713	2
7717	4
7723	1
7727	2
7743	1
7746	2
7753	1
7760	1
7762	2
7767	1
7795	1
7799	1
7803	2
7806	2
7812	2
7813	1
7815	7
7816	1
7835	1
7845	1
7852	1
7856	1
7861	2
7864	2
7867	3
7883	2
7884	1
7886	1
7888	1
7891	1
7894	1
7895	1
7898	2
7908	2
7919	1
7920	1
7923	1
7927	1
7944	3
7951	1
7955	3
7962	1
7965	1
7968	2
7975	1
7981	2
7986	1
7994	1
8008	2
8017	1
8020	1
8021	2
8023	1
8029	1
8048	2
8051	2
8052	1
8053	2
8055	1
8057	1
8060	1
8063	1
8067	1
8070	1
8071	2
8076	2
8080	2
8083	2
8089	2
8102	4
8103	3
8104	1
8106	1
8135	3
8137	1
8138	1
8154	1
8166	1
8167	1
8171	2
8176	2
8178	4
8182	4
8185	2
8190	1
8196	3
8204	2
8218	1
8223	1
8224	3
8231	3
8232	2
8235	1
8237	1
8239	1
8240	1
8245	2
8246	1
8248	1
8249	5
8258	1
8263	2
8266	2
8272	1
8275	3
8277	3
8283	1
8297	1
8305	2
8306	1
8307	2
8308	1
8309	2
8314	1
8316	1
8327	1
8331	1
8333	1
8335	1
8337	2
8350	1
8351	1
8354	2
8355	2
8357	1
8358	3
8360	3
8365	2
8366	1
8367	3
8368	1
8376	2
8379	6
8382	1
8393	1
8396	1
8404	1
8406	2
8407	2
8408	1
8422	1
8428	2
8433	2
8434	2
8447	1
8449	2
8452	1
8454	1
8455	2
8472	1
8474	1
8475	1
8481	1
8484	2
8488	3
8491	1
8492	1
8496	1
8514	1
8515	2
8519	2
8529	1
8535	1
8537	2
8563	1
8572	1
8574	1
8580	1
8582	2
8585	2
8596	2
8605	2
8612	1
8619	1
8625	2
8626	2
8629	1
8641	2
8644	1
8654	1
8663	1
8664	1
8670	1
8672	2
8673	2
8674	1
8687	3
8696	1
8716	1
8721	1
8727	1
8750	1
8753	2
8758	1
8765	1
8769	1
8771	3
8784	1
8792	1
8793	2
8798	4
8806	2
8814	1
8815	2
8817	2
8824	3
8831	1
8832	1
8837	1
8838	1
8840	3
8852	1
8864	1
8871	2
8876	2
8878	1
8881	2
8883	1
8884	2
8887	1
8898	2
8913	1
8917	1
8921	2
8926	2
8929	1
8943	2
8950	2
8958	1
8962	1
8968	4
8979	1
8987	1
8999	2
9000	1
9003	2
9004	2
9005	1
9009	1
9011	2
9017	2
9018	1
9019	2
9020	2
9025	2
9029	1
9037	1
9047	1
9049	1
9053	1
9057	2
9070	1
9085	2
9089	3
9090	2
9091	2
9102	1
9128	1
9139	2
9152	2
9171	1
9173	1
9174	2
9221	1
9231	1
9233	1
9249	2
9251	2
9256	1
9261	3
9270	1
9287	2
9288	1
9294	2
9300	2
9307	1
9320	1
9327	2
9344	3
9348	1
9351	1
9376	2
9384	2
9386	2
9387	3
9396	3
9408	2
9417	1
9418	2
9425	2
9429	1
9430	1
9434	1
9436	2
9443	2
9457	1
9471	1
9478	1
9486	3
9487	1
9488	1
9499	1
9506	1
9510	2
9518	2
9536	2
9549	2
9571	2
9572	4
9580	1
9581	2
9593	1
9604	3
9610	1
9647	2
9653	3
9660	1
9661	2
9662	1
9666	1
9675	1
9676	1
9684	1
9685	2
9697	2
9705	2
9710	1
9716	1
9745	2
9746	3
9767	2
9768	1
9777	3
9779	4
9788	3
9789	1
9790	1
9791	2
9796	5
9798	2
9804	1
9805	1
9816	1
9827	1
9829	1
9838	2
9844	1
9860	2
9873	2
9874	1
9884	1
9889	1
9895	1
9897	1
9910	1
9911	3
9912	1
9917	1
9927	1
9945	2
9953	1
9957	2
9972	1
9976	1
9977	1
9980	3
9984	1
10008	3
10010	2
10015	1
10020	2
10024	2
10030	2
10031	2
10042	1
10047	2
10050	1
10053	1
10060	1
10061	1
10063	1
10069	1
10073	1
10076	2
10085	1
10089	2
10092	2
10095	1
10100	3
10103	1
10113	1
10119	1
10127	2
10128	1
10131	2
10132	1
10148	1
10153	1
10158	1
10164	1
10166	1
10175	4
10179	1
10183	2
10186	2
10187	1
10193	1
10195	3
10196	1
10205	2
10215	1
10221	1
10223	2
10229	1
10234	1
10235	1
10239	1
10255	1
10258	1
10263	1
10276	1
10281	2
10284	2
10293	1
10295	2
10303	1
10311	1
10320	1
10324	1
10325	1
10333	4
10334	1
10341	2
10345	1
10346	1
10349	1
10354	1
10361	1
10368	2
10374	1
10377	1
10379	1
10389	1
10390	1
10393	1
10400	1
10401	2
10413	1
10419	2
10428	1
10430	3
10443	2
10461	1
10471	1
10472	1
10476	1
10477	1
10496	1
10502	1
10505	1
10517	1
10521	1
10540	1
10552	2
10556	1
10569	1
10573	1
10581	1
10583	1
10585	1
10603	1
10605	2
10606	1
10634	1
10635	1
10644	1
10651	1
10652	1
10666	1
10687	2
10688	3
10698	3
10702	1
10715	1
10734	1
10736	1
10738	2
10739	3
10765	1
10768	1
10769	1
10791	1
10794	2
10798	1
10805	1
10820	1
10826	2
10836	1
10851	1
10870	1
10882	1
10895	1
10900	1
10907	2
10908	1
10932	2
10942	1
10948	1
10960	1
10967	1
10973	1
10975	1
10976	1
10980	2
10996	1
11002	2
11016	1
11034	1
11072	1
11074	2
11075	2
11076	1
11080	1
11082	1
11084	4
11085	2
11086	2
11089	3
11090	3
11091	2
11094	3
11095	2
11096	3
11098	3
11100	3
11101	4
11102	4
11103	1
11104	1
11106	1
11107	4
11108	3
11109	1
11110	1
11111	1
11112	3
11113	3
11115	3
11116	2
11117	2
11118	1
11120	1
11121	2
11122	3
11123	3
11124	3
11125	3
11127	2
11128	2
11129	1
11130	1
11131	3
11132	1
11133	3
11135	2
11136	3
11137	2
11139	2
11140	2
11142	2
11143	3
11144	2
11145	2
11146	2
11147	1
11153	2
11154	4
11155	2
11157	1
11158	3
11159	1
11160	1
11161	1
11163	2
11167	2
11168	1
11171	2
11174	1
11175	2
11176	2
11179	1
11183	1
11184	1
11185	3
11186	1
11190	2
11191	1
11192	1
11193	1
11194	3
11201	2
11202	1
11203	1
11204	2
11205	2
11206	1
11207	3
11208	1
11209	1
11210	1
11211	1
11212	1
11214	2
11215	2
11219	1
11221	1
11224	4
11225	2
11228	2
11234	1
11235	2
11236	1
11238	3
11240	3
11243	3
11244	2
11245	1
11249	1
11254	3
11256	1
11257	2
11258	1
11259	2
11260	1
11261	2
11262	2
11263	1
11265	3
11266	2
11268	1
11271	2
11273	1
11277	2
11278	1
11279	1
11282	1
11283	3
11285	1
11286	1
11287	1
11288	3
11289	1
11290	1
11291	1
11294	1
11296	3
11299	1
11300	3
11301	1
11303	3
11308	1
11311	3
11312	1
11315	1
11317	3
11324	1
11325	2
11326	2
11327	1
11331	1
11335	1
11337	1
11338	2
11339	1
11340	1
11342	1
11343	3
11347	1
11351	1
11352	2
11357	1
11359	1
11361	1
11362	1
11368	1
11369	1
11372	1
11373	1
11374	1
11375	2
11379	1
11381	1
11382	2
11383	1
11386	1
11387	2
11390	2
11392	1
11393	1
11396	1
11398	1
11403	1
11404	1
11410	1
11412	1
11414	4
11415	1
11416	1
11417	1
11418	2
11419	1
11420	1
11421	1
11423	1
11425	4
11426	2
11427	1
11428	1
11429	2
11430	1
11431	2
11432	1
11433	1
11435	1
11438	1
11440	1
11442	1
11447	1
11448	1
11450	1
11451	2
11457	1
11461	1
11463	1
11464	1
11468	3
11474	1
11475	1
11476	1
11477	2
11478	1
11479	2
11481	1
11482	1
11484	3
11485	1
11488	3
11489	3
11492	1
11494	1
11498	1
11499	2
11500	2
11501	1
11502	1
11504	2
11505	1
11508	2
11510	1
11512	1
11514	1
11515	2
11516	1
11517	1
11518	2
11521	1
11522	1
11524	1
11526	1
11527	1
11528	1
11533	1
11537	1
11538	2
11539	2
11540	1
11546	1
11549	1
11554	1
11555	1
11557	2
11558	1
11559	1
11562	1
11567	1
11568	2
11569	2
11571	2
11574	1
11576	1
11578	2
11579	3
11584	1
11585	1
11586	1
11591	1
11593	1
11597	1
11598	1
11600	2
11601	1
11602	1
11603	2
11604	1
11605	1
11607	1
11609	1
11610	1
11614	2
11615	2
11616	1
11619	1
11620	2
11623	1
11624	1
11625	1
11626	2
11627	1
11630	1
11632	2
11634	1
11636	1
11637	1
11641	1
11642	1
11644	2
11651	1
11657	2
11658	2
11664	2
11665	1
11668	2
11669	2
11671	2
11672	2
11673	1
11675	1
11676	3
11677	1
11679	1
11681	1
11684	5
11685	1
11688	1
11689	1
11691	1
11693	4
11696	1
11699	1
11703	1
11707	1
11710	2
11711	2
11714	2
11716	1
11717	1
11718	1
11721	1
11722	2
11723	2
11727	1
11728	1
11730	1
11734	1
11735	2
11736	3
11738	3
11739	1
11747	1
11753	1
11754	1
11759	2
11760	2
11762	1
11766	3
11767	1
11768	3
11769	2
11770	2
11771	1
11772	1
11775	2
11776	2
11777	1
11778	1
11786	1
11789	2
11790	1
11792	1
11793	1
11794	2
11797	3
11799	3
11800	1
11801	1
11802	2
11807	3
11808	1
11809	1
11813	2
11814	1
11818	1
11820	1
11822	1
11823	3
11824	2
11825	3
11827	1
11828	3
11829	1
11834	1
11836	1
11837	1
11839	2
11840	1
11846	1
11847	1
11850	1
11851	2
11852	1
11853	3
11854	1
11855	3
11856	3
11857	2
11861	2
11862	1
11865	2
11867	1
11869	2
11871	2
11872	3
11873	1
11874	1
11875	1
11879	2
11881	3
11882	3
11883	2
11884	1
11888	1
11891	1
11892	2
11893	2
11894	1
11897	1
11899	1
11900	1
11904	1
11905	2
11906	2
11908	1
11909	3
11910	2
11914	1
11915	1
11917	3
11918	1
11919	1
11920	1
11921	1
11929	2
11930	1
11933	3
11935	1
11936	3
11937	1
11939	1
11941	1
11944	1
11945	1
11947	2
11948	2
11949	1
11951	2
11953	1
11954	1
11956	1
11957	1
11959	1
11961	2
11962	2
11963	1
11964	1
11965	2
11966	2
11967	1
11968	3
11969	2
11970	1
11974	2
11975	2
11977	1
11979	1
11980	1
11981	1
11985	1
11986	2
11987	2
11988	2
11991	1
11993	2
11994	1
11996	1
11997	1
11998	1
11999	1
12000	1
12001	2
12002	1
12003	3
12005	2
12009	2
12010	1
12011	3
12012	1
12013	1
12014	1
12015	1
12016	1
12019	1
12020	2
12027	1
12028	1
12029	2
12030	2
12031	1
12032	1
12033	1
12034	1
12035	1
12036	3
12037	1
12039	1
12040	1
12041	3
12044	1
12046	1
12047	1
12048	1
12050	1
12051	1
12052	1
12053	1
12055	3
12056	1
12058	2
12063	1
12064	1
12065	1
12066	1
12067	3
12068	2
12070	2
12074	3
12075	1
12078	1
12079	3
12080	1
12081	2
12083	1
12085	1
12087	2
12089	2
12091	2
12092	2
12093	1
12094	1
12096	2
12097	2
12098	1
12099	3
12100	1
12101	2
12102	2
12103	1
12104	1
12105	1
12106	1
12107	2
12108	1
12110	1
12112	1
12113	1
12114	3
12117	1
12119	1
12120	1
12122	2
12126	1
12127	1
12131	1
12133	1
12134	2
12135	1
12136	2
12137	2
12138	1
12139	2
12140	2
12146	1
12148	1
12149	1
12150	1
12151	1
12153	2
12155	1
12156	1
12160	3
12161	1
12162	4
12163	4
12165	1
12167	3
12168	1
12173	1
12175	3
12177	1
12180	2
12183	1
12184	2
12187	1
12189	2
12190	3
12191	1
12192	2
12193	6
12194	6
12195	6
12196	2
12197	2
12198	2
12199	1
12201	1
12204	1
12206	2
12208	1
12209	2
12210	1
12215	1
12218	1
12219	1
12220	1
12221	2
12224	2
12225	2
12228	3
12229	3
12230	1
12231	1
12232	5
12234	1
12235	2
12236	3
12237	2
12238	1
12243	1
12250	1
12254	3
12256	1
12257	1
12258	1
12259	1
12260	1
12263	1
12264	2
12266	1
12267	4
12268	1
12269	4
12270	3
12271	2
12273	2
12274	1
12275	2
12276	3
12279	1
12280	1
12282	1
12283	3
12292	1
12293	1
12299	1
12304	1
12306	2
12307	1
12308	2
12309	1
12310	2
12311	3
12312	4
12313	2
12314	2
12315	3
12316	1
12318	1
12319	1
12320	3
12321	1
12330	1
12331	1
12339	1
12340	1
12344	1
12346	1
12347	1
12348	1
12349	2
12350	1
12352	1
12353	3
12354	2
12356	3
12357	1
12358	2
12360	2
12361	1
12362	1
12364	2
12365	1
12366	1
12367	1
12374	1
12375	1
12376	1
12380	1
12382	1
12388	1
12390	3
12391	2
12400	1
12401	4
12403	1
12404	3
12405	4
12406	1
12407	3
12408	4
12409	2
12410	2
12411	2
12412	1
12413	3
12414	5
12416	2
12419	2
12420	4
12422	1
12426	1
12429	2
12435	1
12436	1
12441	1
12443	3
12448	2
12450	1
12451	1
12452	2
12453	2
12455	3
12456	2
12457	2
12458	1
12459	5
12461	5
12462	2
12463	4
12464	3
12465	3
12466	3
12467	5
12468	5
12470	1
12471	3
12473	2
12478	1
12483	1
12486	1
12490	1
12491	2
12494	1
12496	1
12506	3
12509	3
12510	1
12511	1
12512	3
12515	3
12517	1
12518	1
12519	3
12521	1
12522	1
12523	1
12524	3
12525	2
12526	3
12528	2
12529	1
12531	2
12533	1
12534	1
12536	2
12543	1
12546	1
12547	1
12555	1
12560	4
12564	2
12567	2
12568	1
12569	1
12570	1
12571	1
12572	1
12573	2
12574	2
12575	2
12576	2
12577	4
12578	1
12579	1
12580	3
12582	2
12584	2
12588	3
12591	1
12592	1
12594	3
12596	1
12597	1
12598	3
12603	1
12609	3
12615	2
12616	1
12617	1
12618	1
12619	4
12622	2
12623	1
12624	1
12625	4
12626	1
12627	1
12629	3
12630	1
12632	2
12634	2
12635	2
12636	2
12638	2
12644	1
12645	1
12648	1
12649	2
12652	1
12653	1
12658	3
12659	3
12660	1
12661	1
12667	1
12668	1
12669	1
12670	2
12671	1
12672	1
12673	1
12674	1
12676	1
12678	1
12679	1
12681	1
12683	1
12684	1
12687	1
12688	1
12689	2
12690	1
12692	1
12693	1
12695	1
12696	2
12697	2
12698	2
12699	4
12701	1
12702	2
12704	2
12706	1
12707	1
12708	2
12709	1
12710	1
12711	4
12712	2
12713	1
12714	1
12715	1
12720	1
12721	1
12722	1
12723	2
12724	3
12725	1
12727	1
12732	1
12736	2
12737	1
12741	1
12742	2
12744	1
12745	2
12746	3
12747	3
12748	2
12749	1
12751	3
12753	1
12754	1
12756	1
12757	2
12758	1
12760	1
12762	2
12763	2
12764	3
12765	2
12766	2
12768	1
12769	1
12771	2
12772	2
12773	2
12775	1
12776	2
12787	3
12788	2
12789	3
12790	1
12792	2
12793	1
12794	2
12795	1
12796	1
12797	1
12798	3
12801	3
12803	2
12804	1
12805	1
12806	2
12807	2
12808	2
12810	1
12811	3
12812	1
12813	1
12818	2
12826	1
12827	1
12830	1
12831	4
12832	2
12833	1
12836	1
12839	1
12843	1
12845	1
12848	1
12849	2
12850	1
12852	1
12853	2
12854	2
12855	1
12861	1
12864	2
12868	2
12870	1
12873	1
12874	1
12875	2
12876	2
12877	1
12880	1
12881	2
12883	1
12886	1
12889	1
12891	1
12892	2
12903	1
12915	1
12916	1
12919	1
12923	1
12925	2
12928	2
12931	1
12932	2
12935	1
12936	5
12942	2
12943	1
12947	1
12950	1
12951	1
12952	1
12954	1
12955	3
12956	1
12957	1
12958	1
12960	1
12970	2
12972	2
12976	1
12979	2
12981	3
12982	1
12986	3
12988	1
12989	1
12990	1
12993	1
12995	1
12997	2
13000	1
13006	2
13008	1
13009	1
13010	1
13011	1
13012	2
13013	1
13017	1
13020	1
13022	2
13023	1
13028	2
13034	1
13035	1
13039	1
13040	1
13041	1
13042	3
13043	2
13044	1
13049	1
13054	1
13055	1
13059	1
13061	1
13064	1
13066	3
13067	2
13075	1
13077	1
13081	1
13085	1
13086	1
13089	1
13091	1
13092	1
13094	1
13098	1
13100	2
13108	1
13110	1
13112	1
13113	1
13115	1
13118	1
13119	2
13126	1
13141	2
13144	1
13145	1
13149	2
13152	1
13153	3
13154	1
13155	1
13156	1
13161	2
13165	1
13170	1
13182	1
13187	2
13189	1
13195	1
13199	1
13202	1
13203	1
13210	1
13214	1
13216	1
13219	1
13220	1
13221	1
13222	1
13223	1
13225	2
13226	2
13227	1
13229	2
13236	1
13242	1
13248	1
13250	1
13252	2
13254	1
13258	1
13259	2
13260	1
13265	2
13272	1
13273	1
13278	1
13279	1
13280	2
13281	3
13286	1
13295	1
13296	1
13297	1
13298	1
13299	1
13300	1
13301	1
13302	1
13303	1
13305	1
13306	1
13307	2
13308	1
13309	2
13310	2
13311	1
13312	1
13313	1
13319	1
13320	1
13322	1
13324	1
13326	2
13328	1
13330	2
13332	1
13339	1
13344	1
13346	1
13347	1
13348	2
13350	1
13351	2
13353	2
13354	2
13355	1
13356	1
13360	3
13362	2
13363	2
13364	2
13369	1
13373	1
13374	1
13379	2
13381	2
13383	1
13384	3
13385	3
13386	1
13387	2
13390	1
13391	2
13393	1
13397	1
13408	1
13412	1
13414	1
13418	1
13421	2
13422	1
13423	3
13424	2
13434	2
13440	1
13441	2
13442	1
13443	1
13445	1
13450	1
13453	1
13457	2
13464	1
13470	1
13473	1
13474	1
13475	3
13477	1
13478	1
13479	1
13481	1
13484	1
13485	2
13486	1
13487	1
13489	2
13495	1
13496	1
13497	1
13502	1
13514	1
13515	1
13516	1
13517	1
13518	1
13519	1
13521	2
13522	4
13523	1
13524	1
13525	2
13536	1
13538	2
13542	1
13550	1
13552	1
13553	1
13554	1
13568	1
13580	2
13582	2
13586	1
13588	3
13590	1
13591	1
13595	1
13597	1
13600	1
13607	1
13609	1
13610	2
13611	2
13612	1
13615	1
13618	1
13622	1
13624	2
13627	1
13628	1
13629	1
13636	1
13643	1
13644	3
13649	1
13651	1
13655	1
13660	1
13666	1
13669	3
13670	1
13672	1
13674	2
13675	1
13676	1
13678	3
13679	1
13683	1
13688	1
13693	1
13695	1
13700	3
13702	1
13704	1
13705	1
13712	1
13723	1
13725	1
13727	2
13729	1
13732	1
13734	1
13737	2
13738	1
13752	2
13754	2
13755	1
13757	1
13762	1
13779	1
13783	1
13785	2
13786	2
13787	1
13793	1
13795	1
13799	2
13801	2
13803	1
13805	1
13806	1
13807	1
13809	1
13810	1
13811	2
13812	1
13813	1
13814	1
13815	1
13816	2
13821	1
13822	1
13823	1
13824	1
13826	2
13830	1
13833	1
13836	1
13837	1
13845	2
13850	1
13851	2
13857	1
13865	2
13868	2
13869	2
13874	1
13877	1
13883	1
13884	1
13889	1
13892	1
13893	1
13898	1
13899	1
13904	1
13906	2
13912	2
13916	1
13919	4
13922	1
13923	1
13924	1
13925	1
13931	1
13933	2
13940	1
13941	1
13942	1
13949	1
13952	1
13954	1
13955	1
13956	1
13957	1
13965	1
13971	1
13976	1
13981	1
13982	1
13983	1
13984	1
13985	1
13988	1
13989	1
13990	1
13998	1
14004	2
14005	1
14008	1
14016	2
14017	2
14023	1
14024	2
14025	1
14033	1
14034	1
14037	2
14038	1
14040	1
14047	1
14049	1
14051	1
14055	2
14056	1
14057	1
14058	2
14062	1
14066	1
14068	1
14086	1
14087	1
14088	2
14089	1
14094	3
14098	1
14105	1
14109	2
14110	1
14113	2
14119	1
14121	3
14125	1
14127	1
14129	2
14133	1
14137	1
14142	2
14145	1
14150	2
14151	1
14155	1
14156	2
14157	1
14159	3
14166	1
14178	1
14183	1
14184	4
14185	1
14187	1
14188	1
14190	1
14191	1
14192	2
14196	1
14200	2
14202	1
14203	1
14211	1
14212	1
14213	1
14214	1
14216	2
14217	2
14221	2
14222	1
14223	2
14225	1
14226	1
14229	1
14232	1
14237	2
14238	2
14240	1
14248	1
14249	2
14250	1
14255	1
14257	1
14264	2
14267	1
14271	1
14272	1
14274	1
14276	1
14277	1
14278	1
14281	2
14282	1
14283	1
14284	3
14290	1
14295	2
14298	1
14300	1
14301	1
14306	1
14307	2
14310	2
14311	2
14312	1
14315	1
14321	1
14322	1
14324	2
14327	1
14331	1
14333	2
14340	1
14341	1
14344	1
14345	1
14354	1
14356	1
14357	2
14361	2
14366	1
14368	1
14376	1
14377	2
14380	1
14383	1
14384	1
14392	1
14396	1
14397	1
14409	1
14410	1
14412	1
14413	1
14415	1
14416	1
14417	1
14418	1
14421	1
14422	2
14423	1
14424	1
14431	2
14434	1
14436	4
14437	2
14438	1
14441	1
14445	1
14449	1
14463	1
14464	1
14466	1
14469	1
14472	1
14474	1
14478	1
14485	1
14486	3
14487	1
14488	1
14489	2
14490	1
14492	1
14494	1
14495	1
14500	1
14502	2
14504	1
14505	1
14510	1
14515	2
14520	1
14525	2
14528	1
14529	3
14530	1
14538	2
14540	1
14546	1
14548	1
14551	1
14552	1
14558	2
14559	1
14561	1
14562	1
14563	1
14577	1
14578	1
14580	1
14587	1
14593	1
14594	1
14599	2
14600	3
14601	1
14602	1
14604	1
14605	1
14611	1
14614	1
14617	2
14621	1
14623	2
14627	1
14629	1
14634	1
14642	1
14645	1
14649	1
14650	2
14655	1
14656	1
14657	2
14659	2
14660	2
14663	1
14665	2
14666	1
14670	1
14672	1
14676	1
14684	2
14686	1
14689	2
14693	1
14694	1
14695	1
14696	3
14697	2
14701	1
14704	1
14707	2
14715	1
14716	1
14717	1
14729	1
14730	2
14732	1
14733	2
14739	1
14743	1
14744	1
14745	1
14749	1
14754	2
14756	1
14757	1
14759	1
14760	1
14761	1
14769	1
14771	1
14772	1
14773	1
14775	1
14779	2
14780	2
14781	1
14782	1
14786	1
14800	1
14801	1
14802	1
14804	1
14805	1
14811	1
14814	1
14831	1
14843	1
14847	1
14851	1
14852	1
14853	1
14855	1
14856	1
14859	1
14862	1
14864	1
14873	1
14875	1
14886	1
14893	1
14895	1
14897	1
14899	1
14904	1
14905	1
14911	1
14912	1
14918	1
14930	1
14934	1
14938	2
14940	2
14944	2
14947	1
14949	2
14955	1
14956	2
14958	1
14959	3
14960	1
14962	2
14968	3
14970	1
14977	1
14980	1
14982	1
14985	1
14986	1
14988	1
14990	2
14994	1
14997	1
15000	1
15001	1
15002	2
15005	1
15017	2
15020	1
15022	1
15023	1
15024	2
15025	2
15026	1
15027	1
15036	1
15040	1
15041	1
15050	2
15052	1
15057	1
15066	1
15067	1
15076	1
15077	1
15079	1
15082	1
15085	2
15088	1
15089	2
15091	3
15094	1
15096	1
15097	2
15101	1
15103	2
15114	1
15120	1
15124	1
15129	1
15131	2
15135	1
15136	1
15142	1
15148	1
15149	2
15152	1
15153	1
15161	1
15165	1
15166	1
15167	1
15170	1
15173	1
15178	1
15180	1
15183	1
15184	1
15190	2
15191	1
15192	1
15193	1
15194	1
15201	1
15210	2
15220	2
15224	1
15225	1
15229	1
15231	1
15232	1
15233	1
15235	1
15238	1
15241	4
15246	1
15260	1
15269	1
15273	1
15275	1
15278	1
15285	1
15288	2
15295	1
15300	1
15304	2
15306	1
15310	1
15318	1
15324	1
15327	1
15328	3
15329	1
15331	1
15332	1
15344	2
15345	2
15346	1
15358	1
15361	1
15363	1
15364	1
15366	1
15368	1
15373	1
15375	1
15378	1
15382	1
15384	1
15395	1
15399	1
15401	1
15403	1
15404	2
15405	1
15412	3
15414	1
15418	2
15423	1
15428	2
15429	1
15437	1
15446	2
15447	2
15448	2
15449	1
15455	1
15459	2
15463	1
15476	1
15478	1
15479	1
15488	1
15490	1
15493	2
15494	1
15495	1
15500	1
15503	1
15507	1
15510	1
15513	1
15515	1
15518	1
15520	1
15525	2
15527	1
15535	1
15540	1
15543	1
15549	1
15552	1
15557	1
15558	1
15559	1
15562	1
15563	1
15576	1
15577	2
15579	1
15592	1
15599	1
15603	1
15605	2
15606	2
15616	2
15617	1
15618	1
15620	1
15621	1
15627	1
15630	1
15633	2
15636	1
15639	3
15644	2
15646	1
15647	1
15648	1
15658	1
15659	2
15661	1
15669	1
15670	1
15673	1
15674	1
15676	2
15679	1
15683	1
15687	1
15689	1
15690	1
15694	1
15699	1
15708	2
15710	2
15712	1
15713	1
15718	1
15724	1
15725	1
15739	1
15741	1
15742	2
15744	1
15745	2
15746	1
15748	1
15749	2
15751	1
15752	1
15753	1
15758	2
15759	1
15761	1
15767	1
15770	1
15773	1
15776	2
15779	1
15780	2
15783	1
15786	1
15790	1
15792	1
15793	3
15794	1
15799	1
15801	1
15802	1
15804	1
15807	1
15810	2
15811	1
15812	1
15813	2
15817	1
15818	2
15819	1
15821	1
15825	2
15834	1
15839	1
15841	1
15843	1
15844	1
15845	1
15847	1
15859	2
15861	1
15863	1
15864	3
15865	1
15866	1
15867	2
15873	1
15876	1
15877	2
15878	1
15879	1
15887	1
15891	1
15896	1
15898	1
15910	1
15911	1
15914	1
15920	1
15922	1
15927	1
15936	1
15939	1
15943	1
15944	1
15945	1
15946	1
15948	1
15952	1
15954	2
15956	1
15958	1
15959	1
15962	1
15963	1
15966	1
15968	1
15973	1
15974	1
15976	1
15977	1
15979	1
15985	1
15990	2
15991	1
15992	2
15999	1
16010	1
16014	1
16016	2
16018	2
16019	1
16029	1
16031	1
16035	2
16036	1
16037	1
16043	1
16044	1
16046	1
16048	2
16049	1
16050	1
16053	1
16055	1
16061	1
16065	1
16067	1
16068	1
16074	1
16077	1
16078	1
16079	1
16081	1
16082	1
16084	1
16087	1
16088	1
16090	1
16094	1
16095	1
16098	1
16106	1
16107	1
16108	1
16111	1
16120	1
16121	1
16123	1
16126	1
16128	2
16130	1
16131	1
16134	1
16135	1
16136	1
16139	2
16141	1
16142	1
16147	1
16148	1
16150	1
16151	2
16158	1
16159	1
16168	1
16169	1
16171	2
16174	1
16176	1
16177	1
16180	1
16195	1
16197	1
16199	1
16200	1
16201	2
16202	2
16203	1
16206	1
16207	1
16208	2
16213	1
16224	1
16225	1
16226	2
16228	1
16229	1
16232	1
16234	1
16246	2
16253	1
16254	1
16255	1
16256	1
16257	2
16258	1
16265	1
16281	1
16283	1
16285	1
16287	1
16288	1
16289	1
16294	1
16302	1
16303	2
16304	1
16305	1
16308	2
16309	1
16313	1
16315	2
16320	1
16321	1
16322	1
16323	1
16325	1
16326	1
16328	2
16331	1
16333	1
16334	2
16341	1
16344	1
16345	1
16351	3
16353	1
16354	1
16363	1
16371	1
16373	1
16374	1
16380	1
16388	1
16389	1
16391	1
16393	1
16394	1
16407	1
16414	1
16417	1
16418	1
16419	1
16420	1
16423	1
16424	1
16425	2
16426	1
16427	1
16430	1
16447	1
16449	1
16450	1
16452	1
16453	1
16454	1
16455	1
16478	1
16481	1
16485	1
16487	1
16491	1
16495	1
16498	1
16499	1
16503	2
16505	1
16506	1
16507	1
16508	1
16509	2
16511	1
16513	1
16516	1
16518	1
16522	2
16525	1
16526	1
16528	1
16532	2
16534	1
16535	1
16540	1
16553	2
16556	2
16557	1
16561	1
16562	3
16563	2
16566	1
16570	2
16580	1
16581	2
16584	1
16585	1
16587	1
16589	1
16590	1
16591	1
16592	1
16603	1
16605	1
16608	1
16611	1
16612	1
16614	1
16615	1
16616	1
16618	1
16620	1
16622	2
16624	1
16625	1
16626	2
16635	1
16636	1
16642	1
16645	1
16650	1
16651	1
16652	1
16654	1
16657	1
16666	1
16672	1
16673	2
16674	1
16679	1
16681	1
16683	1
16687	1
16688	1
16691	1
16702	2
16704	1
16710	2
16712	1
16714	1
16715	1
16720	1
16721	2
16725	1
16731	1
16740	1
16741	2
16742	1
16745	1
16746	1
16748	1
16750	1
16756	1
16757	1
16762	1
16764	1
16765	1
16766	2
16767	2
16768	2
16771	1
16772	1
16776	1
16782	1
16784	1
16786	1
16788	1
16794	2
16814	1
16815	1
16817	1
16824	1
16834	1
16841	1
16842	1
16843	1
16844	1
16846	1
16849	1
16851	1
16853	1
16860	1
16865	1
16866	1
16869	1
16870	1
16871	1
16872	1
16874	1
16883	1
16886	1
16887	1
16888	1
16889	1
16899	2
16900	1
16908	1
16909	2
16912	1
16914	1
16917	2
16921	1
16922	1
16924	1
16928	1
16930	1
16931	1
16932	1
16934	1
16936	1
16937	3
16939	1
16949	1
16954	1
16955	1
16972	2
16973	1
16975	1
16981	1
16982	1
16983	1
16992	1
16997	1
17004	2
17005	1
17009	1
17011	1
17012	1
17014	1
17015	1
17024	1
17031	1
17032	1
17047	1
17055	1
17062	1
17072	2
17081	1
17082	1
17084	1
17091	1
17092	2
17098	1
17099	1
17100	1
17102	1
17104	1
17110	2
17117	1
17120	1
17122	1
17124	1
17125	4
17134	1
17136	1
17141	1
17149	2
17151	2
17153	2
17158	1
17161	1
17170	2
17173	1
17175	1
17176	1
17178	3
17180	1
17195	1
17201	1
17202	1
17203	3
17207	1
17209	1
17211	1
17214	1
17219	1
17220	1
17221	1
17222	1
17223	1
17225	1
17227	1
17229	4
17237	2
17239	1
17244	1
17250	2
17252	2
17266	1
17272	1
17273	1
17283	2
17297	1
17300	1
17303	1
17305	1
17311	1
17312	1
17324	1
17329	1
17340	1
17347	1
17348	1
17357	1
17358	1
17375	2
17379	1
17386	1
17396	1
17403	1
17405	1
17406	1
17408	1
17410	1
17421	1
17423	1
17430	1
17435	1
17436	1
17438	2
17439	1
17440	1
17464	1
17465	1
17466	1
17468	3
17469	2
17471	1
17478	1
17479	1
17491	1
17492	1
17493	3
17495	1
17497	1
17498	2
17504	1
17519	2
17522	1
17523	1
17538	1
17547	1
17549	1
17550	1
17551	3
17552	1
17553	2
17556	1
17575	1
17578	2
17579	2
17582	1
17584	1
17592	1
17596	1
17607	1
17610	1
17612	1
17613	1
17614	1
17615	1
17616	1
17622	1
17626	1
17628	1
17629	1
17636	1
17639	1
17642	1
17644	2
17645	2
17647	2
17649	1
17650	1
17654	1
17666	1
17671	1
17675	1
17680	1
17682	1
17700	1
17703	1
17714	2
17715	1
17716	1
17720	2
17722	1
17741	1
17749	1
17750	1
17751	2
17753	1
17754	1
17756	1
17762	1
17771	1
17772	1
17785	1
17795	1
17796	1
17797	1
17811	1
17817	1
17822	1
17823	1
17824	1
17826	1
17840	1
17849	1
17851	1
17852	1
17853	2
17883	1
17889	1
17890	1
17891	1
17913	1
17917	1
17919	1
17921	1
17926	1
17944	3
17951	1
17952	1
17954	1
17955	1
17972	2
17974	1
17976	1
17978	1
17979	1
17983	1
17986	1
17990	1
17995	1
17997	1
17999	1
18008	1
18011	1
18016	2
18020	1
18023	2
18033	2
18039	1
18040	1
18042	2
18045	1
18046	1
18049	1
18055	1
18056	1
18058	1
18060	1
18062	3
18073	1
18085	1
18089	1
18095	1
18096	1
18097	1
18103	1
18117	1
18124	1
18127	1
18131	1
18136	1
18138	1
18144	1
18145	1
18156	2
18157	1
18160	1
18164	1
18174	1
18181	1
18182	1
18193	1
18199	1
18203	1
18214	1
18231	1
18241	1
