13	7
14	1
18	8
19	2
38	9
39	11
43	10
44	6
62	2
63	14
64	10
68	9
69	9
88	13
89	10
93	7
94	5
113	9
114	5
118	3
284	8
285	8
286	2
287	5
288	8
289	7
290	3
291	5
292	4
293	4
294	1
295	6
296	6
298	7
299	6
300	2
301	4
302	11
303	7
304	2
305	4
306	4
308	4
309	6
310	4
312	4
313	4
314	8
315	1
328	2
331	5
332	3
333	3
334	3
335	4
336	1
337	3
339	2
341	2
342	1
343	7
344	5
345	2
346	3
347	3
348	3
349	1
351	1
365	1
366	6
367	4
368	3
369	8
370	2
372	4
375	2
376	1
377	5
378	2
379	4
380	1
381	7
382	2
383	1
384	2
386	2
388	2
389	3
398	10
399	8
400	4
401	5
402	4
406	2
407	5
408	12
409	3
410	4
411	1
412	2
413	6
414	2
415	6
416	1
430	5
431	2
432	5
433	8
436	6
438	5
439	4
440	2
441	3
442	4
443	3
449	6
450	1
458	1
459	3
461	1
464	3
465	3
466	5
467	5
468	2
471	5
472	1
473	4
474	5
478	3
486	2
487	3
491	2
492	3
493	3
494	1
495	3
496	2
497	2
498	4
499	5
500	3
501	1
511	4
512	2
513	1
518	2
519	2
521	2
522	3
523	1
525	3
535	6
537	3
538	4
541	1
542	7
543	4
544	2
545	4
546	2
548	5
559	2
560	2
561	1
562	4
564	2
566	2
567	1
573	3
578	8
579	5
580	6
581	6
582	6
586	4
587	1
589	1
592	1
595	4
599	4
601	3
607	4
608	5
609	4
613	6
614	1
616	2
621	3
622	2
632	5
633	5
634	3
635	4
636	3
637	4
638	3
642	4
644	5
647	2
649	3
651	1
657	2
658	1
662	3
663	3
664	3
665	4
666	4
669	4
670	1
671	5
672	9
676	2
678	2
680	2
681	2
688	4
689	3
690	4
691	3
695	5
696	3
697	3
700	1
701	4
702	2
703	1
704	2
706	1
710	1
714	3
715	3
716	3
721	2
722	1
723	3
725	1
726	5
727	5
730	1
739	2
740	2
741	4
742	3
748	3
749	2
750	1
752	2
753	1
754	3
757	3
761	2
762	1
768	2
769	2
770	3
771	2
781	3
782	4
784	3
785	2
789	1
790	1
796	2
797	1
798	1
804	5
805	2
806	1
810	4
812	2
816	2
817	1
822	1
823	2
824	1
830	1
833	1
834	1
835	1
836	1
840	1
844	1
845	1
846	1
855	4
856	2
857	4
859	1
865	1
866	1
867	1
875	1
878	1
880	2
881	1
883	2
889	1
890	1
891	1
899	1
903	3
904	4
905	2
906	3
908	1
910	5
913	1
923	1
924	3
930	5
935	1
947	3
948	1
949	3
951	3
953	1
954	4
958	3
972	1
973	1
974	2
977	1
978	4
979	1
980	3
1000	3
1001	2
1002	3
1004	1
1005	3
1017	3
1018	3
1019	2
1020	1
1028	1
1031	2
1044	9
1045	3
1046	5
1047	2
1048	5
1058	1
1059	3
1071	2
1072	3
1073	2
1079	2
1083	2
1087	5
1088	4
1089	2
1098	3
1099	8
1100	2
1101	5
1102	3
1103	4
1109	1
1112	1
1114	1
1116	1
1117	1
1119	3
1120	2
1126	2
1129	8
1130	1
1131	3
1136	1
1140	1
1145	2
1146	4
1147	4
1158	3
1159	1
1162	3
1172	2
1173	1
1174	3
1177	1
1178	2
1187	2
1188	1
1190	3
1191	3
1192	3
1202	3
1203	3
1204	2
1207	6
1209	3
1217	6
1218	1
1220	4
1222	2
1227	1
1229	1
1231	3
1232	2
1233	1
1234	2
1236	5
1237	3
1238	1
1247	1
1248	2
1249	1
1250	4
1252	4
1253	2
1257	1
1259	2
1265	2
1266	2
1267	3
1268	1
1276	1
1278	1
1280	3
1281	3
1282	4
1290	3
1291	3
1293	2
1296	1
1305	8
1306	1
1307	5
1308	1
1309	1
1311	1
1319	2
1321	1
1322	2
1323	2
1324	3
1325	4
1330	2
1331	9
1332	6
1333	7
1335	2
1336	3
1338	2
1339	2
1342	2
1343	3
1347	1
1348	1
1351	5
1352	3
1354	3
1356	4
1357	4
1362	5
1363	9
1364	8
1365	9
1366	6
1367	3
1368	8
1369	3
1370	1
1371	2
1372	3
1373	2
1374	1
1375	1
1376	1
1377	3
1378	2
1389	3
1390	2
1391	1
1396	4
1397	5
1398	6
1399	6
1400	5
1401	4
1402	3
1403	1
1404	4
1405	3
1408	3
1417	1
1418	4
1419	2
1420	4
1421	4
1422	2
1427	2
1428	5
1429	3
1430	2
1431	3
1432	2
1435	1
1436	1
1437	2
1438	1
1446	1
1447	2
1448	3
1449	3
1450	4
1456	8
1457	7
1458	3
1459	4
1460	8
1461	4
1462	7
1463	4
1464	4
1466	3
1467	2
1468	3
1469	1
1475	2
1479	2
1481	5
1482	1
1485	5
1487	3
1493	2
1494	7
1495	4
1496	5
1497	7
1498	4
1499	3
1500	5
1501	4
1502	3
1503	4
1505	5
1507	3
1508	2
1509	2
1512	2
1516	6
1517	5
1518	2
1524	1
1525	5
1526	3
1527	4
1528	5
1529	5
1530	3
1531	1
1532	3
1533	1
1536	1
1538	2
1542	1
1543	1
1546	5
1547	2
1553	3
1555	1
1556	1
1557	4
1558	4
1560	2
1561	3
1562	10
1563	3
1566	1
1568	3
1570	2
1571	1
1576	4
1577	1
1578	3
1584	2
1587	8
1588	3
1589	3
1590	2
1591	4
1592	1
1593	3
1594	5
1599	2
1601	4
1604	3
1605	2
1608	4
1609	1
1610	3
1617	6
1618	4
1619	5
1620	4
1621	5
1622	2
1624	3
1625	5
1626	5
1627	4
1628	3
1631	3
1632	1
1633	2
1635	3
1636	2
1637	4
1639	3
1640	2
1641	3
1647	3
1649	1
1651	3
1652	4
1656	4
1657	3
1658	1
1661	1
1662	3
1663	1
1664	3
1666	2
1669	5
1670	2
1676	1
1677	1
1679	2
1680	3
1681	1
1682	3
1685	4
1686	4
1687	7
1688	7
1689	6
1690	1
1691	4
1692	1
1693	2
1695	2
1696	4
1697	3
1699	2
1701	1
1704	3
1712	5
1714	1
1717	3
1718	5
1719	3
1720	3
1721	4
1722	7
1723	6
1724	3
1725	2
1727	5
1728	2
1729	3
1735	1
1736	1
1740	2
1742	2
1743	3
1749	2
1750	1
1751	5
1752	5
1753	4
1754	4
1756	2
1757	3
1759	2
1761	2
1762	5
1763	2
1765	4
1766	4
1767	1
1768	4
1771	3
1773	2
1774	2
1777	3
1779	4
1784	5
1785	1
1786	2
1787	3
1788	2
1790	1
1791	4
1792	1
1793	5
1795	2
1796	2
1798	2
1800	3
1801	4
1802	3
1803	1
1804	2
1808	1
1815	1
1818	3
1819	1
1825	1
1826	3
1827	2
1830	2
1833	2
1834	1
1835	7
1836	3
1837	3
1838	2
1839	4
1840	5
1841	4
1844	1
1845	2
1851	2
1852	2
1855	4
1859	1
1860	4
1862	2
1864	2
1865	2
1866	1
1867	3
1868	4
1869	1
1871	1
1872	3
1874	1
1875	2
1876	2
1877	1
1880	2
1882	1
1883	1
1885	3
1886	1
1893	2
1903	2
1904	1
1905	1
1907	2
1908	2
1909	3
1913	1
1914	1
1915	1
1919	6
1920	5
1926	1
1927	1
1936	2
1937	1
1939	1
1941	2
1945	2
1946	3
1947	3
1952	1
1953	1
1954	1
1955	3
1956	5
1959	2
1960	2
1961	1
1970	3
1971	2
1977	3
1978	3
1979	1
1981	1
1982	2
1984	1
1988	2
1990	1
1992	2
1993	1
1994	1
1996	1
1998	6
1999	5
2000	1
2008	2
2009	4
2013	1
2014	2
2017	2
2019	1
2020	1
2027	2
2029	3
2031	2
2032	1
2034	1
2035	5
2036	1
2037	4
2038	2
2045	2
2046	4
2051	1
2053	2
2056	1
2062	3
2069	6
2071	4
2072	3
2079	1
2080	3
2086	1
2094	2
2098	1
2102	4
2103	2
2104	1
2105	1
2106	2
2111	3
2112	2
2118	1
2119	1
2124	3
2125	2
2129	3
2132	2
2135	4
2143	1
2144	2
2148	3
2149	2
2151	2
2156	1
2162	3
2163	3
2164	1
2166	3
2167	1
2169	2
2170	2
2171	2
2172	3
2175	1
2182	2
2187	3
2189	2
2190	1
2191	2
2197	3
2200	3
2202	3
2203	2
2211	1
2214	2
2218	2
2228	3
2229	1
2232	2
2235	3
2242	2
2244	2
2248	3
2249	1
2250	1
2256	1
2261	1
2265	3
2267	1
2270	1
2278	4
2286	1
2287	1
2288	1
2293	2
2297	2
2298	1
2299	1
2304	2
2310	1
2311	3
2314	1
2316	3
2317	1
2318	1
2319	1
2323	1
2324	2
2330	2
2331	1
2334	2
2336	1
2339	1
2341	1
2342	1
2348	1
2349	2
2352	3
2354	1
2363	1
2368	2
2369	1
2370	1
2374	2
2378	1
2381	1
2384	2
2387	4
2392	2
2393	2
2397	1
2398	1
2401	2
2411	2
2412	1
2416	4
2425	2
2428	2
2429	1
2431	1
2433	3
2439	2
2442	1
2444	1
2445	1
2448	3
2454	2
2461	2
2464	5
2475	3
2483	1
2484	4
2487	1
2491	2
2497	1
2499	3
2500	1
2501	1
2505	2
2508	3
2509	1
2510	2
2513	2
2522	2
2523	2
2524	2
2526	1
2529	1
2530	3
2531	1
2540	2
2541	3
2546	2
2548	2
2563	2
2571	3
2575	2
2577	2
2580	1
2587	2
2590	1
2594	1
2602	2
2606	2
2620	2
2621	2
2625	1
2627	1
2630	2
2631	1
2648	2
2656	1
2663	3
2664	2
2665	1
2666	1
2669	1
2671	2
2676	2
2687	3
2688	4
2693	1
2711	2
2713	2
2715	1
2719	3
2733	3
2735	1
2736	1
2737	2
2738	2
2741	2
2746	2
2749	2
2755	2
2759	1
2761	2
2762	1
2766	1
2767	3
2770	2
2782	1
2784	1
2785	1
2786	1
2788	2
2792	1
2797	2
2806	2
2808	1
2809	1
2810	1
2811	1
2816	1
2823	1
2825	1
2828	2
2829	1
2830	2
2831	1
2833	1
2839	1
2840	3
2845	1
2846	1
2848	2
2849	1
2850	2
2855	1
2860	1
2861	1
2865	2
2866	3
2877	1
2881	1
2883	4
2884	2
2887	1
2888	2
2889	4
2892	2
2893	3
2894	1
2896	2
2897	1
2900	1
2912	2
2926	2
2927	1
2929	3
2934	2
2936	1
2941	3
2945	1
2946	2
2952	2
2957	2
2958	1
2959	1
2967	1
2979	1
2980	3
2981	3
2982	4
2983	2
2986	2
2987	1
2988	2
2992	4
2993	2
2994	2
2995	2
2996	1
3005	1
3006	2
3010	2
3011	1
3015	1
3018	2
3026	1
3030	1
3033	2
3034	4
3040	3
3041	1
3042	2
3043	3
3044	2
3045	2
3046	3
3047	2
3048	3
3051	1
3059	1
3060	2
3061	1
3069	2
3078	1
3083	1
3087	2
3089	4
3092	1
3093	3
3094	2
3095	4
3097	3
3098	2
3099	2
3101	1
3102	1
3103	1
3121	3
3124	1
3139	2
3141	1
3145	1
3146	2
3148	2
3150	1
3151	4
3152	2
3157	1
3161	1
3166	3
3168	6
3171	1
3180	2
3184	1
3185	2
3186	1
3190	3
3191	2
3193	4
3195	3
3205	1
3207	1
3211	2
3212	2
3227	2
3232	2
3233	1
3234	2
3235	1
3236	1
3239	1
3240	2
3242	2
3243	4
3246	3
3248	2
3249	1
3266	4
3270	2
3271	3
3272	1
3285	1
3286	3
3287	1
3288	1
3292	2
3293	2
3294	1
3295	2
3298	1
3300	5
3301	2
3303	5
3314	1
3338	1
3339	2
3340	1
3341	1
3342	1
3345	2
3346	2
3353	9
3354	5
3355	3
3356	1
3361	1
3363	1
3367	2
3373	1
3378	1
3390	4
3396	1
3397	3
3399	3
3401	3
3402	3
3404	1
3411	2
3413	1
3432	2
3445	1
3446	1
3449	4
3454	2
3456	2
3462	1
3466	1
3481	1
3483	2
3484	2
3490	1
3491	1
3492	2
3496	1
3497	4
3498	4
3499	2
3505	1
3510	2
3513	1
3518	1
3519	1
3526	2
3529	1
3532	1
3534	1
3535	2
3540	1
3542	2
3543	1
3545	2
3548	2
3549	1
3554	1
3556	1
3557	2
3568	1
3572	1
3585	1
3592	4
3595	1
3598	2
3620	2
3629	4
3633	1
3636	4
3639	1
3644	1
3645	2
3650	1
3658	3
3660	1
3678	1
3682	1
3683	3
3686	1
3694	2
3697	3
3698	3
3702	2
3709	2
3711	1
3725	3
3737	1
3740	2
3750	2
3751	3
3756	1
3759	3
3760	1
3766	1
3784	2
3788	1
3796	1
3797	1
3799	2
3802	1
3814	2
3821	1
3826	4
3833	2
3836	2
3850	1
3854	1
3855	2
3856	1
3857	2
3860	1
3868	3
3871	3
3875	2
3883	2
3885	2
3889	1
3896	1
3902	1
3908	2
3913	2
3918	2
3919	4
3920	2
3941	2
3962	1
3973	1
3981	3
3983	2
3990	2
3999	1
4008	3
4013	1
4018	1
4020	3
4023	1
4030	1
4038	1
4041	1
4053	2
4077	3
4080	2
4085	1
4093	2
4095	2
4107	2
4127	3
4129	1
4136	2
4144	2
4158	3
4179	2
4182	2
4184	1
4186	3
4213	1
4221	1
4223	2
4234	3
4236	1
4252	2
4266	1
4274	1
4278	3
4280	1
4284	2
4289	1
4292	2
4296	1
4298	1
4299	1
4317	2
4323	2
4325	1
4331	1
4332	2
4334	2
4350	2
4356	1
4357	1
4359	1
4361	1
4368	1
4370	1
4375	2
4377	1
4378	1
4389	5
4392	2
4393	1
4400	1
4402	3
4416	1
4418	2
4429	1
4434	1
4440	2
4444	2
4445	1
4451	1
4471	1
4472	1
4481	3
4485	2
4487	1
4489	1
4496	1
4500	3
4507	3
4508	2
4509	3
4512	2
4519	1
4521	2
4524	1
4526	1
4535	1
4538	1
4540	1
4545	1
4546	1
4557	2
4558	2
4559	2
4561	2
4562	2
4563	1
4567	1
4570	1
4573	1
4575	1
4578	2
4581	3
4587	2
4598	3
4606	1
4607	2
4611	1
4613	2
4620	2
4632	5
4635	3
4640	2
4643	1
4644	1
4645	1
4656	1
4660	1
4663	2
4664	2
4665	1
4671	2
4675	1
4678	2
4679	2
4680	1
4682	4
4683	1
4685	3
4688	1
4694	2
4702	1
4714	2
4716	1
4730	1
4733	1
4741	1
4747	1
4748	1
4757	1
4765	2
4771	2
4776	2
4777	1
4780	1
4785	1
4791	1
4794	2
4798	2
4805	2
4808	2
4811	1
4813	6
4817	2
4818	1
4822	1
4826	3
4828	1
4833	2
4838	1
4839	1
4845	2
4846	3
4850	1
4856	1
4859	1
4864	2
4878	2
4883	1
4886	1
4887	4
4894	1
4895	1
4896	2
4903	3
4904	3
4917	1
4920	1
4922	2
4925	5
4926	3
4927	4
4929	1
4932	1
4942	3
4949	5
4950	1
4951	1
4956	2
4957	2
4959	4
4965	1
4966	2
4971	1
4972	1
4980	1
4990	1
4991	1
4992	1
4996	3
4997	3
4998	2
4999	1
5002	4
5004	1
5005	5
5008	1
5009	4
5012	1
5017	2
5024	4
5027	2
5029	1
5031	2
5041	2
5042	1
5044	1
5045	2
5047	1
5054	3
5055	3
5060	4
5061	3
5063	3
5076	2
5081	1
5082	1
5092	1
5093	1
5098	1
5100	4
5103	1
5107	3
5108	2
5110	1
5120	1
5121	2
5123	1
5128	2
5134	1
5139	3
5140	3
5141	2
5148	2
5152	2
5158	2
5159	2
5160	2
5164	1
5165	1
5166	1
5169	1
5176	2
5179	1
5184	2
5192	2
5194	2
5204	2
5205	3
5210	1
5220	1
5222	1
5238	2
5243	2
5245	2
5246	2
5251	2
5255	1
5259	2
5261	2
5263	5
5268	1
5269	2
5277	1
5278	2
5281	2
5283	2
5286	1
5293	2
5295	2
5296	1
5303	1
5305	2
5308	1
5309	1
5312	5
5313	1
5314	3
5317	1
5334	1
5338	3
5340	1
5341	1
5350	2
5359	1
5360	2
5361	3
5367	3
5374	1
5375	1
5376	2
5377	2
5384	1
5387	1
5390	1
5394	1
5395	2
5400	1
5409	1
5410	1
5411	1
5421	1
5430	2
5431	3
5438	3
5445	3
5455	1
5456	1
5458	1
5461	1
5468	1
5469	1
5477	1
5481	1
5484	1
5486	2
5487	2
5491	4
5496	2
5505	1
5506	2
5507	1
5508	1
5514	3
5522	2
5539	1
5540	1
5552	1
5564	1
5575	1
5576	3
5599	2
5610	3
5611	1
5618	3
5619	1
5620	2
5623	1
5624	3
5625	2
5626	1
5627	2
5631	1
5636	1
5638	2
5640	2
5649	1
5654	2
5657	3
5664	1
5683	5
5697	1
5704	1
5718	2
5721	2
5726	1
5733	1
5734	1
5750	1
5755	1
5763	2
5768	2
5770	1
5771	2
5777	1
5780	1
5789	3
5797	1
5800	3
5805	2
5817	1
5822	2
5823	1
5831	1
5833	1
5834	1
5836	3
5837	2
5842	1
5849	1
5857	3
5865	3
5867	1
5868	2
5869	2
5871	1
5872	2
5887	2
5888	1
5893	1
5899	1
5904	1
5906	1
5907	2
5909	3
5928	1
5929	1
5956	4
5971	2
5982	2
5994	1
6000	3
6001	1
6016	3
6025	2
6031	3
6036	2
6039	2
6054	1
6065	2
6068	1
6069	1
6075	2
6104	1
6107	1
6115	1
6116	1
6123	1
6146	1
6155	1
6156	2
6162	2
6167	1
6177	1
6190	2
6194	2
6200	3
6203	1
6208	2
6224	1
6234	2
6261	4
6262	4
6266	1
6275	1
6277	1
6278	1
6279	2
6285	2
6301	2
6319	1
6323	1
6331	1
6338	1
6360	2
6376	1
6387	2
6400	3
6408	2
6427	1
6429	2
6430	1
6432	2
6436	3
6440	2
6456	1
6468	2
6515	1
6554	3
6561	3
6569	2
6592	2
6595	1
6599	3
6625	1
6655	1
6666	1
6674	1
6692	1
6696	1
6730	3
6734	1
6736	2
6737	3
6739	1
6740	1
6765	1
6766	1
6767	2
6807	3
6810	1
6848	1
6854	3
6865	4
6869	2
6874	1
6886	2
6888	1
6900	1
6902	3
6905	3
6911	1
6923	3
6925	2
6929	3
6930	2
6931	1
6934	2
6939	1
6944	2
6954	2
6960	1
6962	3
6969	2
6975	2
6976	1
6998	2
6999	2
7005	1
7030	1
7031	1
7033	3
7034	1
7042	1
7050	2
7053	4
7054	1
7055	2
7064	3
7065	3
7066	1
7078	1
7086	9
7092	1
7101	3
7110	1
7112	2
7118	4
7120	5
7129	1
7134	2
7151	6
7152	4
7153	7
7154	4
7155	1
7156	7
7159	1
7163	3
7164	1
7166	1
7184	1
7195	1
7198	1
7210	3
7220	1
7222	1
7224	2
7225	3
7227	6
7234	3
7237	1
7241	1
7254	1
7258	1
7263	1
7264	5
7265	2
7268	2
7273	2
7274	1
7287	1
7294	1
7312	1
7339	2
7344	1
7347	1
7375	2
7381	1
7382	2
7398	1
7443	2
7446	1
7450	2
7480	1
7482	2
7485	1
7492	1
7512	2
7516	1
7524	1
7531	1
7560	2
7593	1
7616	1
7622	2
7641	1
7661	3
7674	1
7675	2
7676	2
7713	1
7716	2
7719	1
7720	1
7744	1
7759	1
7798	1
7836	1
7839	1
7865	2
7872	3
7873	2
7874	1
7885	4
7898	1
7904	2
7905	3
7929	2
7930	1
7936	1
7959	1
7961	1
7964	2
7966	1
7967	3
7979	1
7982	1
8013	3
8022	1
8023	1
8028	2
8030	4
8059	3
8077	4
8085	2
8088	1
8091	3
8115	1
8123	3
8138	1
8150	1
8153	1
8154	4
8155	2
8181	1
8186	1
8187	3
8221	1
8222	3
8228	1
8247	2
8255	3
8260	1
8269	1
8284	1
8289	1
8290	1
8291	3
8295	1
8309	1
8310	5
8311	1
8324	1
8346	2
8347	4
8353	1
8360	1
8361	1
8362	1
8372	3
8390	1
8401	1
8404	1
8416	1
8420	1
8424	1
8428	2
8431	1
8432	2
8433	1
8434	2
8437	1
8459	2
8460	1
8467	1
8468	1
8469	1
8474	3
8491	2
8501	3
8503	2
8527	1
8536	3
8537	1
8538	2
8569	1
8570	2
8571	1
8572	3
8604	1
8607	2
8621	4
8622	1
8631	2
8633	2
8635	3
8637	2
8640	1
8642	1
8657	2
8662	1
8668	1
8675	3
8678	4
8679	1
8685	3
8688	1
8693	1
8700	2
8701	2
8703	1
8706	1
8708	2
8709	1
8712	1
8715	2
8716	2
8717	3
8719	1
8722	1
8733	1
8734	1
8735	2
8736	1
8739	1
8742	2
8743	3
8744	1
8751	1
8752	2
8754	1
8758	3
8767	3
8769	2
8773	3
8775	1
8777	2
8788	1
8789	1
8790	1
8791	2
8792	2
8797	4
8799	1
8806	1
8807	2
8808	3
8811	2
8812	2
8815	3
8816	2
8818	2
8827	3
8830	2
8831	2
8833	1
8841	1
8842	1
8849	3
8850	1
8851	3
8853	2
8854	1
8856	2
8857	2
8860	2
8862	1
8871	1
8874	1
8875	2
8877	1
8887	2
8889	1
8890	1
8894	2
8896	1
8902	1
8906	1
8909	3
8910	1
8911	2
8912	1
8914	1
8917	1
8919	1
8924	2
8925	3
8927	2
8928	1
8930	1
8931	3
8932	1
8936	1
8940	1
8944	1
8945	1
8946	1
8949	2
8950	1
8958	1
8959	3
8960	1
8963	1
8964	1
8965	1
8968	1
8969	1
8973	1
8974	4
8977	2
8979	1
8987	1
8989	1
8990	2
8991	1
8992	1
8995	1
8996	1
9003	2
9006	1
9010	1
9011	1
9012	3
9022	1
9023	3
9024	1
9025	1
9026	1
9027	1
9029	2
9032	1
9034	1
9035	1
9036	3
9039	1
9047	2
9049	2
9054	2
9058	1
9059	3
9069	3
9076	2
9077	1
9082	1
9083	2
9084	1
9085	1
9104	1
9108	2
9109	2
9111	1
9112	4
9113	1
9124	1
9127	1
9135	2
9140	2
9141	1
9142	2
9149	2
9154	2
9163	1
9170	2
9177	3
9180	2
9184	3
9190	1
9191	1
9199	1
9201	1
9202	3
9203	2
9206	1
9213	1
9215	1
9218	2
9226	3
9228	3
9234	1
9243	2
9244	1
9245	1
9254	1
9256	1
9257	2
9263	1
9274	1
9281	1
9283	1
9291	1
9296	1
9297	1
9305	1
9308	3
9326	1
9332	1
9338	2
9346	2
9355	2
9368	1
9369	1
9387	1
9401	2
9402	3
9403	2
9404	2
9405	1
9435	1
9449	1
9457	1
9462	2
9477	1
9489	1
9495	1
9508	2
9544	3
9545	1
9563	2
9565	4
9579	2
9580	2
9598	1
9600	2
9608	2
9620	2
9634	1
9643	2
9658	1
9668	1
9691	2
9713	1
9720	1
9730	3
9742	2
9763	2
9764	3
9765	1
9771	1
9773	3
9781	1
9805	1
9820	3
9821	3
9846	1
9886	2
9895	1
9908	1
9955	2
9993	1
10007	1
10025	2
10089	2
10090	1
10092	1
10144	2
10148	1
10170	2
10171	1
10175	1
10192	2
10201	2
10204	1
10211	2
10213	1
10216	3
10220	1
10230	1
10231	1
10246	1
10270	1
10286	2
10313	1
10315	1
10318	1
10329	1
10337	1
10354	2
10371	1
10374	1
10388	1
10423	1
10441	1
10444	1
10454	1
10464	3
10492	1
10527	2
10528	1
10550	4
10574	1
10578	4
10601	4
10602	2
10603	3
10623	1
10631	2
10632	3
10633	2
10634	1
10661	1
10663	1
10664	3
10666	1
10667	2
10668	2
10705	4
10706	6
10708	2
10727	1
10734	1
10779	2
10784	1
10787	1
10831	1
10834	3
10964	2
10967	2
10976	3
10978	1
10984	1
10985	6
10987	2
10988	4
10990	2
10992	1
10994	2
11025	2
11027	2
11028	1
11042	1
11058	2
11061	1
11079	1
11096	3
11099	3
11118	3
11121	4
11132	1
11133	3
11138	4
11139	1
11162	3
11163	4
11165	1
11178	2
11184	3
11197	1
11202	4
11221	7
11222	1
11240	3
11241	3
11281	3
11282	3
11283	1
11300	1
11321	3
11322	2
11323	1
11324	1
11358	1
11366	3
11383	2
11388	1
11391	2
11406	2
11408	2
11418	1
11429	1
11436	1
11440	1
11446	1
11447	2
11464	2
11482	2
11483	2
11485	1
11500	1
11503	2
11506	1
11518	3
11519	3
11524	1
11534	4
11553	3
11555	2
11568	2
11580	1
11589	1
11607	1
11608	1
11609	1
11622	1
11660	6
11670	3
11678	1
11688	1
11696	1
11711	2
11719	2
11732	2
11740	3
11758	1
11763	5
11769	2
11785	1
11788	1
11789	2
11798	2
11816	1
11822	1
11823	3
11836	2
11841	1
11843	2
11866	1
11868	2
11870	1
11897	1
11898	1
11905	1
11914	1
11917	2
11919	1
11937	1
11940	2
11957	1
11959	1
12003	1
12004	1
12013	2
12099	2
12109	1
12157	1
12158	1
12165	1
12169	2
12170	1
12194	2
12202	3
12203	1
12209	2
12212	2
12216	2
12219	3
12235	3
12236	1
12237	1
12238	1
12274	1
12285	1
12297	1
12353	2
12447	1
12532	4
12537	3
12571	1
12584	1
12596	2
12599	2
12600	4
12633	3
12636	2
12647	1
12659	1
12742	1
12764	1
12779	1
12815	1
12929	1
12938	1
12953	2
12978	3
12999	1
13029	1
13091	2
13093	2
13095	1
13133	1
13136	1
13201	1
13204	3
13208	1
13255	1
13263	2
13381	1
13415	1
13422	1
13462	2
13473	1
13507	2
13517	2
13522	1
13574	1
13592	1
13595	2
13620	1
13652	2
13666	2
13787	1
13831	1
13875	1
13911	3
13917	4
13955	1
13959	1
13984	1
14008	1
14030	1
14031	1
14053	2
14100	1
14116	2
14134	1
14152	1
14174	2
14188	1
14202	1
14231	1
14232	2
14237	2
14344	1
14377	1
14427	1
14430	1
14459	1
14477	1
14507	2
14526	2
14834	1
14898	1
15036	1
15131	2
15179	1
15212	1
15214	1
15245	2
15264	1
15292	1
15294	1
15308	1
15314	1
15328	1
15338	1
15357	1
15359	1
15371	3
15376	1
15392	1
15397	1
15412	1
15430	1
15434	1
15464	2
15478	2
15494	1
15498	1
15504	2
15507	3
15508	1
15514	2
15515	1
15516	1
15517	2
15519	1
15521	1
15522	2
15528	1
15529	1
15533	1
15536	1
15537	2
15538	1
15540	1
15543	1
15544	2
15546	3
15547	3
15553	2
15555	2
15558	2
15560	1
15565	2
15570	2
15571	1
15572	1
15573	1
15574	2
15575	1
15577	2
15578	1
15580	1
15581	1
15583	1
15585	1
15591	1
15598	1
15600	1
15606	1
15607	1
15611	1
15614	1
15616	1
15621	2
15622	1
15631	1
15637	1
15639	1
15640	3
15641	2
15642	3
15643	3
15644	1
15646	2
15647	2
15648	1
15649	2
15650	3
15652	2
15653	3
15654	1
15656	3
15657	1
15658	2
15659	3
15660	1
15661	1
15662	1
15663	1
15664	3
15665	2
15666	2
15667	1
15669	2
15670	1
15671	3
15673	1
15674	1
15675	3
15677	1
15679	4
15680	3
15682	1
15683	2
15686	2
15687	1
15688	3
15689	1
15690	1
15691	2
15692	1
15693	1
15694	3
15695	2
15696	2
15697	1
15698	1
15699	2
15700	1
15701	2
15702	2
15703	2
15704	1
15705	1
15706	3
15707	1
15708	2
15709	1
15710	1
15711	1
15712	1
15713	1
15714	1
15716	2
15717	1
15718	1
15719	1
15720	3
15723	1
15724	2
15725	1
15727	2
15728	1
15729	1
15730	2
15731	1
15732	1
15733	1
15735	1
15736	1
15737	1
15739	1
15741	1
15742	1
15743	1
15747	1
15748	2
15749	3
15750	1
15753	2
15755	1
15758	1
15759	1
15761	1
15762	1
15763	2
15766	1
15768	2
15769	2
15770	1
15771	1
15772	2
15773	1
15774	1
15775	1
15776	1
15777	2
15779	1
15780	3
15781	1
15785	1
15786	4
15787	3
15788	1
15791	2
15792	1
15796	2
15797	1
15798	1
15799	1
15802	2
15805	3
15806	4
15807	2
15808	2
15810	1
15811	1
15812	1
15813	3
15815	3
15816	3
15817	3
15820	1
15821	1
15823	1
15825	1
15826	2
15828	2
15829	1
15832	1
15833	2
15834	1
15835	1
15838	2
15839	1
15840	1
15842	1
15843	1
15844	2
15845	1
15846	1
15848	1
15849	1
15851	1
15853	1
15854	1
15855	1
15860	1
15861	1
15862	2
15867	1
15868	1
15869	1
15870	1
15872	1
15873	1
15874	1
15875	2
15876	1
15877	3
15881	3
15882	2
15883	1
15884	1
15885	1
15886	1
15887	1
15888	1
15889	1
15891	1
15892	2
15893	1
15894	1
15896	2
15897	2
15898	1
15899	1
15900	1
15901	1
15902	1
15904	1
15905	1
15907	1
15908	2
15909	1
15910	2
15911	1
15912	2
15914	2
15916	3
15918	1
15920	1
15921	1
15922	3
15923	1
15925	1
15927	1
15928	2
15930	1
15932	2
15933	1
15935	2
15936	1
15938	2
15939	1
15941	1
15942	3
15945	3
15946	1
15948	2
15950	1
15952	1
15953	1
15954	2
15955	1
15957	1
15960	1
15961	1
15963	1
15964	1
15965	1
15967	1
15968	2
15969	1
15970	1
15974	1
15976	1
15979	1
15981	1
15982	2
15984	1
15985	1
15986	1
15988	1
15989	1
15992	2
15993	1
15995	1
15996	1
15999	1
16000	2
16002	1
16003	1
16004	2
16007	1
16008	1
16010	1
16011	1
16013	1
16017	1
16018	2
16022	1
16024	1
16025	1
16026	1
16027	1
16028	1
16030	1
16031	1
16032	5
16033	3
16034	1
16035	2
16036	1
16040	1
16042	1
16043	1
16045	1
16046	1
16048	1
16050	1
16052	2
16053	1
16054	1
16055	2
16057	1
16058	2
16060	1
16061	1
16062	1
16064	4
16066	1
16070	1
16071	2
16073	2
16074	1
16075	1
16076	1
16077	1
16079	4
16080	1
16083	1
16085	1
16086	1
16088	1
16089	1
16090	2
16092	2
16093	1
16094	1
16095	1
16098	1
16099	1
16101	1
16102	1
16103	1
16104	2
16105	1
16110	2
16111	1
16112	3
16113	2
16115	1
16116	1
16117	1
16118	1
16119	2
16120	1
16121	1
16124	2
16125	1
16128	2
16129	1
16130	2
16132	1
16133	1
16138	3
16139	1
16140	1
16143	1
16144	1
16145	2
16146	1
16147	1
16148	1
16149	1
16153	2
16156	1
16158	1
16159	1
16163	1
16164	1
16165	1
16167	1
16170	1
16171	2
16172	1
16174	1
16177	1
16179	1
16180	2
16182	1
16183	1
16187	2
16188	1
16190	1
16191	1
16193	1
16194	1
16195	1
16196	1
16199	1
16201	1
16202	1
16203	2
16204	1
16207	2
16210	1
16211	1
16212	2
16213	1
16214	1
16215	1
16216	1
16217	1
16219	1
16223	1
16225	1
16235	1
16238	2
16240	2
16241	1
16243	1
16245	1
16248	1
16249	1
16250	1
16251	1
16255	1
16256	1
16259	1
16260	1
16261	1
16262	1
16263	1
16264	2
16266	1
16267	1
16268	1
16271	1
16272	1
16273	2
16274	1
16275	1
16277	1
16278	1
16279	1
16280	1
16281	1
16283	1
16284	1
16285	2
16286	1
16287	2
16288	2
16291	1
16292	1
16293	1
16297	3
16298	1
16299	1
16300	2
16304	2
16305	1
16310	2
16313	1
16315	1
16316	1
16317	1
16318	1
16320	1
16328	2
16329	2
16332	1
16334	1
16336	1
16337	1
16339	1
16341	1
16342	1
16343	1
16348	1
16349	1
16350	1
16352	1
16353	3
16357	1
16358	1
16359	1
16361	1
16362	1
16363	2
16365	2
16366	1
16369	2
16370	1
16371	2
16374	1
16375	1
16377	1
16380	1
16381	1
16382	1
16383	1
16384	1
16387	1
16388	1
16392	1
16393	1
16395	1
16396	1
16397	2
16398	2
16399	1
16403	2
16406	1
16411	1
16413	1
16414	1
16415	3
16418	1
16420	1
16421	4
16422	4
16423	2
16424	1
16427	1
16428	1
16429	1
16431	1
16432	2
16433	1
16435	1
16437	1
16438	1
16439	1
16440	3
16441	1
16442	1
16443	2
16446	1
16450	1
16451	1
16452	1
16453	1
16454	1
16457	1
16459	1
16461	1
16462	1
16463	1
16464	1
16465	2
16468	3
16469	2
16471	1
16472	1
16474	1
16475	1
16476	1
16478	1
16480	1
16483	1
16486	1
16490	1
16491	1
16492	2
16493	1
16497	2
16498	1
16499	1
16500	1
16501	1
16502	1
16503	1
16504	1
16505	1
16506	2
16507	1
16510	1
16511	1
16513	1
16514	1
16515	1
16516	2
16517	1
16519	1
16520	1
16521	2
16522	1
16524	1
16526	1
16527	1
16529	1
16531	2
16533	1
16534	1
16536	1
16537	1
16538	1
16540	1
16541	1
16543	2
16544	1
16546	1
16547	1
16549	3
16551	1
16554	1
16555	1
16556	1
16558	2
16560	1
16563	1
16565	1
16568	1
16569	1
16571	2
16573	1
16575	1
16576	1
16579	1
16580	1
16581	1
16582	1
16583	1
16584	1
16585	2
16586	2
16590	2
16591	1
16593	1
16594	1
16595	1
16596	1
16597	1
16598	1
16600	1
16602	2
16603	1
16608	1
16609	1
16610	2
16611	1
16614	1
16615	2
16617	1
16618	3
16619	1
16621	1
16622	2
16624	1
16627	1
16628	1
16630	1
16631	1
16632	1
16633	1
16634	1
16635	1
16636	1
16638	1
16639	2
16641	1
16642	2
16644	2
16645	1
16646	1
16647	1
16648	1
16649	1
16651	2
16657	1
16658	1
16660	1
16661	1
16662	1
16663	1
16664	1
16665	2
16666	1
16668	1
16669	2
16672	1
16675	1
16676	1
16678	2
16679	1
16683	1
16686	2
16687	1
16688	1
16689	1
16690	1
16691	1
16692	1
16695	1
16697	1
16699	3
16700	1
16702	1
16703	1
16705	1
16706	1
16707	1
16708	1
16709	1
16710	1
16711	1
16714	1
16716	1
16717	1
16719	1
16720	1
16721	1
16722	1
16723	1
16724	1
16727	1
16729	1
16730	1
16733	1
16734	1
16737	1
16738	2
16739	2
16740	1
16741	1
16742	1
16747	1
16748	1
16749	1
16750	1
16752	1
16753	1
16754	2
16755	3
16756	1
16758	2
16759	1
16760	1
16761	1
16762	1
16763	1
16764	1
16765	1
16766	1
16767	1
16768	2
16769	1
16770	2
16771	1
16772	1
16773	2
16775	2
16778	2
16783	1
16784	1
16785	1
16786	2
16787	1
16788	1
16790	1
16792	1
16793	1
16795	1
16798	2
16799	1
16800	1
16802	1
16804	4
16807	1
16809	2
16810	1
16813	2
16815	3
16816	4
16817	2
16818	1
16820	1
16822	1
16823	1
16824	1
16825	1
16826	1
16828	1
16831	1
16832	1
16833	2
16834	2
16835	1
16836	1
16837	1
16838	1
16841	1
16843	1
16847	1
16848	3
16849	3
16853	1
16856	1
16857	1
16858	1
16859	1
16860	1
16861	1
16862	1
16864	1
16866	2
16869	1
16871	1
16872	1
16874	1
16876	1
16877	1
16878	2
16879	2
16880	1
16881	1
16883	2
16885	1
16886	1
16887	2
16888	1
16890	1
16893	1
16894	1
16897	1
16898	1
16905	1
16906	2
16908	2
16909	1
16913	1
16917	1
16918	1
16920	1
16921	2
16923	1
16926	1
16927	1
16932	1
16937	1
16938	1
16939	1
16946	1
16948	1
16951	1
16953	1
16954	1
16955	1
16961	1
16964	1
16965	1
16966	1
16967	1
16970	1
16972	1
16973	1
16977	2
16980	1
16987	1
16989	1
16991	1
16993	1
17002	1
17003	1
17007	1
17009	1
17010	1
17017	2
17018	1
17019	1
17021	1
17022	2
17024	1
17025	1
17027	1
17028	1
17029	1
17036	1
17038	1
17039	2
17042	1
17045	1
17046	1
17047	2
17051	1
17052	1
17057	1
17060	1
17061	1
17063	1
17065	1
17068	1
17072	1
17073	1
17074	2
17075	1
17076	1
17079	2
17080	1
17081	1
17082	1
17083	1
17085	1
17090	1
17091	3
17092	3
17094	2
17096	2
17099	1
17101	1
17102	1
17105	1
17106	1
17107	2
17109	1
17111	1
17114	5
17115	1
17117	2
17119	1
17120	1
17121	1
17124	3
17126	1
17127	3
17128	1
17129	1
17130	1
17131	1
17132	1
17133	1
17135	1
17136	1
17139	5
17140	1
17142	3
17143	3
17146	2
17148	2
17150	1
17151	1
17153	2
17157	1
17158	1
17160	1
17169	1
17170	1
17173	1
17174	1
17175	2
17176	1
17178	2
17181	1
17182	1
17183	2
17184	2
17185	2
17189	2
17190	2
17192	2
17193	1
17195	2
17196	1
17198	1
17199	1
17204	1
17206	1
17207	1
17208	1
17209	1
17212	1
17213	1
17216	2
17217	1
17218	1
17219	2
17220	1
17221	2
17225	2
17228	1
17229	2
17232	1
17234	4
17235	1
17236	1
17237	1
17238	1
17239	2
17241	1
17242	1
17244	1
17245	2
17246	1
17247	2
17248	2
17252	1
17254	1
17256	1
17259	1
17263	1
17268	1
17270	3
17271	3
17272	1
17273	1
17277	2
17280	1
17281	2
17283	1
17285	1
17286	2
17287	1
17291	1
17293	1
17294	1
17298	1
17301	1
17302	1
17303	2
17305	1
17306	1
17307	1
17308	1
17309	1
17314	2
17315	1
17322	1
17323	1
17324	1
17326	1
17327	1
17329	1
17333	2
17334	1
17340	1
17341	1
17342	1
17344	1
17346	1
17347	1
17348	1
17351	2
17352	1
17354	2
17356	3
17357	4
17364	1
17365	1
17366	1
17367	1
17368	2
17369	1
17370	1
17371	1
17372	1
17374	1
17377	1
17378	1
17379	1
17382	3
17383	1
17384	1
17387	1
17390	1
17391	1
17392	1
17393	1
17394	1
17395	1
17399	1
17400	1
17401	1
17405	1
17407	2
17408	4
17410	1
17414	2
17415	2
17420	1
17421	1
17422	1
17424	1
17425	1
17427	2
17429	1
17431	1
17432	1
17434	1
17435	1
17436	1
17438	3
17439	1
17442	1
17443	1
17444	2
17447	1
17448	1
17449	1
17450	1
17456	1
17459	1
17462	3
17463	1
17469	1
17470	2
17471	1
17473	2
17474	1
17475	2
17477	1
17478	1
17482	1
17483	1
17484	1
17485	1
17489	1
17491	1
17492	2
17493	2
17494	1
17496	3
17497	3
17498	1
17502	1
17507	1
17508	1
17512	3
17514	1
17515	1
17516	1
17517	1
17519	1
17520	2
17521	1
17523	1
17527	1
17530	1
17531	1
17533	1
17536	1
17539	1
17542	1
17543	3
17546	1
17547	1
17548	1
17549	1
17554	1
17555	1
17556	1
17558	1
17559	1
17561	1
17562	1
17563	1
17564	1
17565	1
17568	1
17569	1
17570	4
17571	1
17573	2
17578	2
17583	1
17584	1
17586	1
17589	1
17591	1
17592	2
17593	2
17596	1
17597	1
17600	2
17601	1
17603	2
17605	1
17606	1
17607	1
17608	1
17611	1
17614	2
17617	1
17619	2
17620	2
17623	2
17624	1
17625	1
17628	1
17631	1
17632	1
17633	2
17636	1
17637	1
17638	1
17640	1
17642	1
17643	1
17645	1
17646	1
17648	2
17649	1
17650	1
17651	5
17652	3
17653	2
17655	2
17664	1
17666	1
17667	1
17669	2
17672	2
17674	1
17676	1
17678	1
17688	2
17689	1
17690	1
17692	1
17693	1
17694	1
17695	1
17699	1
17702	2
17704	1
17706	2
17707	2
17709	1
17710	2
17711	2
17712	2
17718	1
17719	1
17720	1
17721	1
17722	1
17724	1
17736	1
17738	1
17739	1
17740	1
17741	1
17745	1
17748	2
17750	1
17751	1
17755	1
17756	1
17759	1
17760	1
17762	2
17763	3
17764	2
17765	1
17769	1
17770	1
17771	1
17772	1
17773	1
17774	1
17775	1
17776	1
17778	1
17779	2
17781	2
17782	1
17783	1
17789	1
17790	1
17791	1
17793	1
17795	1
17797	1
17800	1
17802	1
17803	2
17809	1
17810	1
17811	1
17812	1
17813	1
17814	1
17815	1
17816	3
17817	3
17818	1
17819	1
17820	1
17821	2
17822	1
17824	2
17827	1
17833	1
17834	1
17836	1
17837	1
17839	1
17841	1
17842	1
17845	1
17846	1
17852	1
17855	1
17857	1
17858	1
17859	1
17860	1
17861	1
17862	1
17863	1
17864	3
17869	1
17871	1
17873	1
17878	1
17879	1
17880	1
17881	1
17886	1
17887	1
17888	1
17891	1
17893	1
17894	1
17897	1
17900	1
17902	2
17906	1
17909	1
17911	1
17912	1
17913	1
17914	1
17915	1
17916	1
17918	1
17921	2
17923	1
17924	1
17928	1
17929	1
17930	1
17933	1
17934	1
17935	1
17936	1
17937	1
17939	1
17941	1
17942	1
17943	1
17956	1
17957	1
17958	1
17959	1
17963	1
17966	1
17967	1
17970	1
17973	1
17975	2
17978	1
17980	1
17983	2
17984	1
17987	1
17988	1
17991	1
17992	1
17993	1
17995	1
17996	1
17998	1
17999	1
18001	1
18002	1
18003	1
18004	1
18006	1
18008	1
18010	1
18014	1
18018	1
18019	1
18020	1
18021	1
18026	1
18028	1
18029	1
18032	1
18034	1
18037	1
18039	1
18040	1
18041	1
18042	1
18043	1
18044	1
18045	1
18047	1
18049	1
18052	1
18054	1
18056	1
18057	1
18059	3
18060	1
18061	1
18062	1
18065	1
18066	1
18067	1
18072	1
18073	2
18074	1
18075	1
18076	1
18077	1
18080	1
18082	1
18084	1
18085	1
18088	1
18089	1
18090	1
18091	1
18092	1
18093	1
18094	2
18096	1
18097	2
18098	1
18100	1
18102	1
18103	1
18105	3
18106	1
18108	1
18117	1
18118	1
18119	1
18120	1
18122	2
18124	1
18126	1
18127	1
18130	1
18133	1
18134	1
18136	1
18137	1
18138	1
18139	1
18144	2
18147	1
18150	1
18152	1
18153	1
18154	1
18155	1
18157	1
18159	1
18161	1
18163	1
18164	2
18165	1
18170	1
18173	1
18174	1
18179	1
18181	1
18182	1
18185	2
18189	1
18197	1
18201	2
18202	1
18203	1
18204	1
18207	2
18208	1
18209	1
18211	1
18215	2
18216	1
18217	1
18219	3
18220	1
18221	1
18229	1
18230	1
18233	1
18234	1
18237	1
18238	1
18245	1
18250	1
18251	1
18252	1
18253	1
18254	1
18256	1
18257	2
18260	1
18261	1
18264	1
18266	1
18270	1
18271	1
18272	1
18276	1
18280	1
18285	1
18286	1
18287	1
18296	1
18297	1
18300	2
18301	1
18302	2
18303	1
18304	1
18305	1
18306	2
18308	1
18310	1
18313	1
18314	1
18315	1
18318	1
18319	2
18320	1
18321	1
18324	1
18329	1
18334	1
18335	1
18336	3
18337	1
18338	1
18339	1
18340	1
18351	1
18353	1
18354	1
18355	1
18356	1
18357	1
18358	1
18359	1
18366	1
18368	1
18369	1
18372	1
18374	1
18377	1
18380	1
18385	1
18387	1
18391	1
18393	1
18397	1
18398	1
18404	1
18405	1
18406	1
18407	1
18409	1
18410	1
18413	2
18416	1
18417	1
18419	1
18420	1
18421	1
18423	2
18424	1
18426	1
18433	1
18434	1
18437	1
18439	1
18441	1
18442	1
18446	1
18447	1
18448	1
18457	1
18458	1
18459	1
18461	2
18462	1
18463	1
18468	1
18469	1
18475	1
18476	1
18479	1
18480	1
18482	1
18490	1
18491	1
18493	2
18495	2
18496	2
18501	1
18504	1
18505	1
18507	2
18508	1
18512	1
18514	1
18517	1
18521	1
18528	1
18530	1
18533	1
18535	1
18542	1
18544	1
18549	2
18551	1
18559	1
18560	1
18564	1
18568	1
18569	2
18570	1
18571	2
18574	1
18579	1
18587	1
18589	1
18594	1
18595	1
18600	1
18601	2
18602	1
18606	1
18610	1
18613	2
18614	1
18617	1
18618	1
18619	1
18620	2
18626	1
18629	1
18630	2
18632	1
18633	1
18635	2
18637	3
18638	1
18640	1
18644	1
18645	1
18646	1
18651	2
18652	2
18653	1
18654	2
18658	1
18660	1
18663	1
18664	1
18667	1
18670	1
18671	1
18672	1
18674	2
18675	1
18676	2
18677	1
18679	1
18680	1
18683	1
18684	1
18688	2
18694	1
18701	1
18702	2
18705	2
18707	1
18711	2
18715	1
18718	1
18719	1
18720	2
18721	1
18725	1
18726	2
18728	1
18729	3
18730	1
18731	2
18733	1
18735	2
18736	1
18741	1
18744	1
18747	1
18748	1
18749	1
18750	2
18751	1
18753	1
18756	2
18757	1
18759	1
18760	1
18761	1
18762	2
18776	1
18778	1
18779	2
18780	1
18788	1
18790	1
18791	2
18792	1
18797	1
18800	3
18804	1
18805	1
18806	1
18807	1
18808	2
18813	1
18819	1
18820	2
18821	1
18822	1
18824	1
18825	1
18830	1
18835	1
18838	1
18846	2
18847	1
18850	1
18851	1
18852	1
18853	1
18857	1
18860	1
18864	1
18865	1
18866	1
18867	1
18868	1
18870	1
18875	1
18879	1
18880	1
18886	1
18892	1
18893	1
18894	1
18895	2
18917	1
18919	1
18920	1
18921	1
18923	1
18925	2
18927	2
18929	2
18935	1
18936	1
18937	1
18938	2
18939	1
18941	1
18947	1
18949	2
18951	1
18952	1
18954	1
18955	2
18960	1
18961	2
18963	2
18965	2
18967	2
18969	2
18972	1
18976	1
18977	2
18978	1
18980	3
18982	1
18983	1
18986	2
18990	1
18991	1
18995	1
18996	1
18998	1
18999	1
19004	1
19006	1
19007	2
19010	1
19013	1
19014	1
19018	1
19019	1
19024	1
19027	2
19035	1
19036	3
19040	1
19043	1
19050	1
19053	1
19055	1
19064	2
19066	1
19067	1
19069	2
19071	1
19072	1
19075	1
19079	1
19082	1
19084	1
19085	1
19089	1
19092	2
19101	2
19104	1
19116	1
19124	1
19128	1
19134	1
19138	1
19146	1
19151	1
19157	1
19162	1
19177	1
19180	1
19185	1
19198	1
19205	1
19206	1
19217	1
19219	1
19222	1
19226	1
19232	1
19244	1
19245	1
19252	1
19253	1
19257	1
19261	1
19264	3
19269	1
19270	1
19272	1
19274	1
19276	1
19280	1
19281	1
19282	1
19291	1
19293	1
19297	1
19300	1
19306	1
19310	1
19328	1
19334	1
19336	1
19340	1
19344	1
19347	1
19353	1
19356	1
19358	1
19362	1
19364	1
19369	1
19370	1
19380	1
19381	2
19383	2
19385	1
19391	1
19397	1
19400	1
19402	1
19403	1
19405	1
19406	1
19409	2
19427	1
19429	1
19434	1
19435	1
19436	1
19437	1
19445	1
19458	1
19465	1
19467	1
19468	2
19474	1
19479	1
19488	1
19489	2
19490	3
19492	1
19494	1
19501	1
19502	1
19510	1
19515	1
19519	1
19527	1
19532	1
19533	1
19538	1
19541	2
19542	2
19544	1
19547	1
19550	2
19559	1
19564	1
19565	1
19567	1
19568	2
19569	1
19587	1
19591	1
19597	1
19604	1
19607	1
19611	1
19621	1
19623	1
19629	1
19636	1
19637	2
19639	2
19640	1
19646	1
19647	1
19648	1
19681	1
19685	1
19709	2
19712	1
19741	1
19742	1
19746	1
19747	1
19749	1
19752	1
19753	1
19755	2
19764	1
19784	2
19786	1
19802	1
19804	1
19809	1
19815	1
19825	1
19858	2
19859	1
19877	1
19883	1
19887	2
19894	1
19900	1
19913	1
19914	1
19950	1
19982	1
19985	1
20009	1
20030	1
20050	1
20076	1
